226879795
2003626534
1573500099
1267977919
315238207
681006997
56566257
957726109
1164941257
141716563
1064454789
118160733
1747199614
951464060
1349718058
1213492047
105046186
1158588256
2140304728
1371504056
1470633798
297189413
1563400556
1086403817
315704206
1740131938
533740116
1324384243
971169822
1463136515
545444442
1198049617
1319279402
2118944541
318543889
1634517609
652467890
375110146
444760070
1817409147
516826709
1509214860
1935569881
116542676
313195272
1137804291
1330034723
418241458
148908899
1322855803
1789745514
1619542698
1620045217
1205662423
558462867
1935749423
798310713
1092202984
1112650018
1769480535
407855851
1658094460
820046505
1727135253
1629555353
1138590394
1214169214
134539596
1513700540
1658929285
1951948743
2030527249
1020660497
1740034976
2147069925
1333855769
730355620
1329621001
1752097227
879264519
504993156
1394359094
351323569
2125038373
452537869
909786437
1913304148
1250848582
2001989421
878470518
872845470
262361624
389081330
1692891975
1989496878
2018636684
683998721
1056182444
5692632
50215613
567628081
1957641375
2080742862
1588288578
1550192704
2080329140
774660699
133064676
1262466493
379274279
1012329195
1767459649
1773633373
1363652765
1745014375
78687594
125955554
1510834875
1329536176
2127944975
241821746
54897998
242822951
630903076
1747789973
84836181
502056112
284305046
1141018626
507748744
334520659
1708646707
317906472
267779874
1149451638
1868099176
200625366
1924112337
2001163852
1463091859
155902968
866009399
1083067860
1929536341
82178516
680598587
2008223935
208134070
43949815
1190276464
188595397
285771561
1245174462
431418349
916674637
845480788
516254530
1418730750
1129785834
1657273156
1926479494
1464306494
1218436216
96902318
1732086368
220404206
1965001494
1932711734
2144516543
1818681698
1248319945
152935864
537207450
183904157
2082472205
619385966
864502745
1943212493
827520037
908452560
986005309
1016115434
1194224121
83696123
1447533783
2110898758
929176911
1963788314
1382145860
2058962746
1473577822
1161141707
1375785592
544530390
1258044025
960388312
764934596
1075561872
745616398
761967492
746759922
1993936343
914903356
1283967372
30356852
849891913
1903353339
894859597
645620758
583389728
1803312157
1631626067
1599505162
850052630
1715322191
899555298
813467741
497015454
715859964
48129953
408494552
41954138
1209271660
1784280144
586484529
319832038
597184808
1351419125
1395393910
1342801206
2113386617
2142153832
1189253901
880806325
1278637557
1219610754
1730698239
1034507248
2114470351
228835349
1617896976
1770298861
1860461417
1069918490
472867843
1428299960
1969473788
1286335584
1925315414
537850104
1334465538
186326319
579804243
396253550
1970606463
1166288772
716085588
420307624
370224249
2111479498
1763108830
336127219
2106149683
804879084
1216933544
1237303592
2024489838
800148135
124327192
1991476541
1028983485
1742224168
1614291754
741961254
664659010
2087159598
22777566
486649151
1226011534
1948092980
1024499255
412993424
2134419299
1604303498
809246975
1957542115
623108622
1525332563
230366091
993332872
1489328414
1993474921
1329460091
1447994449
650870357
398909987
537814393
527876547
1199058123
662141585
371869441
80557960
256882105
1986161195
822519214
921541115
1925837145
845296780
1408190266
1004365032
645906112
285205874
1417358456
632841764
1889509372
79121783
442900231
365134347
1604454347
673266322
1358467219
946299113
519257595
540443662
246809914
1170127953
939353649
784624307
1698004500
2138411772
1446765892
2069873941
71486084
1703647997
1908551489
894005298
477705464
1686904986
1739302078
1885895731
543786370
237724543
23617957
1961144827
870566307
1913127329
2040266610
1313466538
130778028
1497237309
1986732860
1489245247
296052774
358506807
2029688909
542862688
1528634760
821558911
1327486995
1079155613
812487035
626769239
1001545906
883973120
182933588
762613747
1777978418
660639053
302035086
1369796849
399051136
845821456
1607521392
422669093
659482635
330604051
188312774
552265598
1644070589
319090803
2049502907
1483319801
1808336050
198072034
1841826608
1690541312
740934722
1222977721
364616575
2068421718
154649686
1177103610
547707309
1156195592
2061076730
730640898
1918809340
1691571501
1391279951
73360778
913884702
1790331087
919182234
373922446
65516532
1578664870
704526497
253829306
2130930468
201113438
572920109
2032949727
1684433239
233772512
83538113
1378776199
1924313824
824472836
454270272
141446751
745410906
608919958
1318550361
1293118215
1765115551
1232143444
2023759113
1536441243
776231297
1267555416
1609802021
1690115999
910402855
381500607
2064038445
975919387
1960165477
621081294
1229748694
1943612297
822194732
1802668803
1829078377
359144323
2036441315
1912616490
1737920522
1813271491
589605678
44707147
1954718242
1335016584
653627105
1125784956
480651152
271259008
210444752
356926617
1807700251
986676049
1624482034
1270018624
529308400
387401241
1651519232
445863197
1363320629
1464201061
1066944491
445585675
1260329711
1889139223
100770830
941924440
100799898
2137212146
707057282
1838720420
1802999989
1296662961
1883427567
1610234584
484195897
389571025
588535892
964847049
660830033
798980644
1321773667
321046637
1785656693
798772053
1591065261
167481445
1186173294
1095100845
613344642
402010275
411818259
1680289133
847595950
1672147970
1421944708
948366781
466588762
1522744606
938095279
1173646044
1213981378
593611620
322825357
949925298
56362556
807021255
1339496323
644898448
1771868304
2000326356
1443879092
946158323
173889345
1082052137
1744930376
1764954607
1249533582
783620023
712571804
1862878224
1185630298
1124390063
1395683709
2033226249
649054385
670144769
834109382
1115643147
45405727
1772204661
141805544
1259387106
218332633
464630901
61828756
274695190
1271652156
1401325079
919593638
896036813
1254167787
215989083
1842195136
1428057133
1298041220
1439641865
1045528092
400091155
75778240
1758099896
115485731
1261408538
735006312
1511169441
1147151139
1384060697
33830562
1981260521
352220197
79236290
1605981534
494025741
1338623396
1824314168
958656642
1400452152
2099009358
82825151
654293583
871119348
978861964
1908461370
1087108431
673573452
1189034855
237666004
2113215317
87079299
637757159
41509909
1845179196
753242890
1302918448
432701860
116928683
302585939
1816762557
150759246
136362813
21499106
229995536
1742344347
515524847
1568618932
1419174867
1474181490
821587436
1370700577
1557006641
1475881019
94336278
388384957
1236858741
1181444709
1061958409
278409949
1419110713
1027690079
365489248
2056867872
1069199988
63184796
662627115
224634788
495886656
779555798
527220728
165165566
930315044
663583541
186664672
1160310580
258444240
702189520
581445864
1677619108
28887362
1403033300
900836037
1585894003
731430671
995172315
1974278960
1968289413
29133377
888753721
99215714
1448244090
1916443800
464704962
1357628315
838160141
527889759
2020255430
1062794929
1023776415
652327580
1590015657
1188941981
1582642625
106115550
1375606654
595469557
364559791
2077796174
1176915422
2042178899
2106683536
432465074
795531288
1545093891
1163895746
1790703604
1371889203
984701511
1819836981
113159276
1083917225
1120597423
2029603077
1548622187
330742090
720279570
2076511946
203513872
1783074499
952804714
855841453
1225606509
2141746695
291000430
1331722059
1369869701
886469987
1696281850
1300182227
2063385409
1590977101
1259382115
348366836
239024742
656992358
1512262582
2029728346
2028881561
349480445
1702081679
2142040838
1433397670
675195454
2024160267
834536209
1005937545
596956189
763564508
1209451417
232547040
1716369222
2065292870
1458153549
1710632269
208809652
642391961
933018323
1095279640
191190163
85716902
1011181401
1782167265
1345099018
1359548237
2021192007
2002091376
724327171
1903436705
1883489290
1073807616
1458034736
1878046480
359721638
2133230190
1754723099
1194257848
991684087
204195640
1957822356
53651857
436742680
1526707930
2118944727
1894896230
1089856551
180270732
389804543
2022874874
1275550372
580994706
2108591777
139248125
215678323
1306207147
1498796363
89386682
1160814875
75639886
1992823387
896820517
1149447503
1303374475
627383349
1509169141
1289121018
234622800
555943341
133321457
438818440
366282049
186973314
875561121
1892989979
158434394
622973703
835362883
338705126
1012778246
710754109
1614255498
1593772952
671862238
1753503623
1809451276
1978069385
1104816338
1898837958
991400613
1180456225
1744177698
1888221130
182420080
900068525
368120832
1691589221
41705895
602743632
100048915
175027353
1041562073
466330964
362000667
1917123194
211837296
520435061
392613249
1047200179
859140187
1405391495
1757954288
325912037
851680799
282332879
2079415661
513648427
112918616
1036748351
265002738
1104319229
69720928
2009180436
845056712
252141008
761765313
1213177544
1943730230
803471209
1815921176
2043779145
978498562
709999601
362626461
1340499229
479639147
574463757
1860934291
872252396
1621663936
572590830
130160243
1232134577
898502868
981841043
1514467456
830434881
1495489470
1627386072
1867183232
1760492208
584221654
1936904161
1622188996
1429278366
41561521
236470662
494972262
1985291751
1039941871
163409790
1881587248
2018440433
873409392
96730062
1211456014
1353048539
671193819
924906657
77817288
145374108
1497497488
207977531
1377508685
248516708
1189818574
744492493
1078951589
537824397
224394917
798651173
150832957
808616571
588071686
1773021954
90411289
629633208
2009492616
585383551
467441311
901950839
748793342
201544912
772907624
1622202734
298274974
1984363638
827767625
969468793
761786648
905584913
1114842901
111800488
1113562445
344867938
360317196
155897371
1089360431
1439268785
693721768
1313755349
90436310
844554726
2122371920
678507997
470093032
65299562
1308141205
332102000
650683113
1775582516
1234052839
1399476455
1977127428
2006960463
874195541
127918754
1843840453
1701963167
1097387548
458143453
460064432
64746801
569943941
1573626877
409614740
930261137
1729524249
1498975171
222046274
275762369
665246872
312482585
1120317095
640135145
990990582
1590410127
705434707
151648139
1922512127
1356117820
1927230655
1009081318
608110628
1756874436
868558133
1482306169
1884793190
564914939
1036785688
834697090
1023058392
1496850121
899443892
1593002334
922993350
1309058632
375779823
505033951
660550155
597826098
780796321
1325797028
910308683
1901113416
1965932173
1901299265
1344039896
523883232
2052947404
1119068375
1880001052
1832694411
2128149694
340628032
1442085199
849224179
1822934202
1179394742
1414139118
712236242
2014091832
289713863
61602715
766052076
1882716197
984596066
2075110708
111012372
1489630017
588177216
708838470
122942690
1913974244
1619147153
2024056107
1732422769
1372962770
1220612355
108822353
1278426526
192197082
1988823405
963637290
172863128
181967790
258238841
1022087308
2004901992
1437633583
288742778
569654586
1304241768
578456641
631257302
2070293844
313689190
1615853368
1997920905
424701563
957999737
438614473
1133540033
1080942428
205105069
605203539
957514887
1937527838
1978166309
30643594
2046350191
1109109188
222840676
1887689948
2072746478
395703805
2069657738
183501671
1417791113
1927076082
1621135255
1706533891
349247021
777893375
137506885
980504323
700703571
451196075
448874043
551140828
875897638
1406873780
989755301
2009437672
340332560
1194860370
467157563
1297847447
984904560
297840224
1328491041
883771103
1406949412
1551331718
623977404
1332212242
1947035523
546151494
1515713914
1217342988
325743929
989365521
776393231
674990950
1767258896
913900116
1655495273
320478819
1365096192
2104369316
871619648
93510182
1363759448
1861374949
2102947854
1704092009
908751672
422621769
854455808
1893656232
720461994
35463202
629943688
2127411406
1586794920
1253921092
1312140001
1386346795
1800072586
680370267
456206135
2125816515
1669735788
1232599366
653323817
1289511036
2146499483
161335442
1609989855
1364112027
118221110
334125855
1457622209
1481980559
48017157
1413086416
1038588920
956768829
1835708185
1893044728
702941413
408686531
1928507930
1332885101
388614290
1367819202
439322545
1700754291
606682349
91911484
233640910
1062888484
70244351
1903376698
148004203
723568169
1045404086
147020038
884903611
507910293
1511132065
1003124722
842036149
821270626
337621633
890053306
86873394
1376210553
1846822135
1922581580
1121771633
402279900
183784463
902795916
1735165002
572398753
123131470
27003899
125669396
729813820
118915383
359310306
1792702304
189159735
115203356
1940706507
912727904
1160607442
2087726545
1797631515
1668517736
1451374962
653272589
363070237
125161941
990894222
1253123543
212035335
219621127
952462030
2134616915
1341392761
1354741930
170917731
96705029
942423284
743316484
219836499
969427184
868985881
949650319
1088342567
1228296187
594868976
1277502302
1343499544
388091835
42746558
356623338
328334733
1840378074
2025141074
1779709695
346167015
240727663
1904871636
1337061238
1493851206
2116906972
1556682365
298829588
2104040239
750591478
1653571519
127474322
847296507
448511155
870790807
1067133007
1417938339
1739776688
2016783326
358797259
820589227
464168654
1636299561
16605123
852260490
1679046120
373228462
1180595223
1371940546
250885888
812821270
1718107561
491613552
570209259
907685151
1985464758
539632583
316883869
136810699
496189174
1067475347
1790382218
623663497
1914771855
91409725
1494454304
834421214
1509348065
1086747344
703720892
1868145324
1907336571
1167889547
1356961237
1923941695
2020150037
888523709
149686509
1053261612
112980607
400572397
1866082882
1831088169
892185949
288808493
591289672
730167060
828441076
908173541
866977759
1324630251
1975648889
509876329
1948293748
1742937096
601286054
1295264404
429874662
2110634119
234528100
1133595554
1831295795
2141864671
154001453
1040773385
1918322718
26667842
1929297094
2068009227
1079929454
2042277702
321097977
798528689
1725882223
1213283926
1087337182
169688247
1943450986
1915778259
1077861789
662945097
1092924862
906027030
1172821426
893734962
501480478
1774107481
41515718
931355140
1737257952
276043818
2064950694
1421070100
270424841
71468500
314359837
41263912
98136342
96173283
2109273139
1178065797
2138450985
282887468
1976594486
1716849560
1496171395
916448020
1886537808
1292138733
684742631
816915949
1955083831
1777667493
1722942979
980421609
523918807
76939809
607045442
565434525
1008294949
196819747
841478343
925761995
1617889847
1111903185
997230495
1932249684
1153167097
1095366838
2028422967
1114956588
125948987
2019390305
1397844057
2102543473
1588756217
746531804
871507845
1327810377
2038670537
1556250477
2144726326
1846270720
1186434322
1720185657
679208682
1710353130
1797125466
1286254124
128304007
657936767
1483073871
969782351
1583698763
953480070
2081685536
433445610
738246106
1087368985
1528812448
619185426
54841925
1654761435
491092083
1452685982
1609821260
2079848300
51734138
333845458
1260175030
2090404676
1890095935
1257417708
1789191748
929046609
830119718
320916782
491916091
479761536
1607170907
620220099
1137698304
942761130
1590002450
573913419
1896241201
1524204338
1007359029
487003659
464089675
388687830
1106189085
518931600
2043449265
1597281168
1971617583
1505786878
1529645821
2023351721
1839632336
642337203
1966272749
1582244623
1899754911
1607980850
363807584
582390981
1928897632
855723676
1062152518
1388584891
1475943775
52367174
183862374
918462577
626280593
2080103575
295183267
1633639622
419623586
759272942
2022327452
1525812672
1278204542
1918293070
975610192
1102338477
1276596300
357772365
978206551
968744988
1000109568
796995652
403505963
752380832
257492854
767313547
1334771813
38906839
1623037223
249440683
1427491730
951497350
301807857
1611354104
1869959927
928088450
1543974031
17659546
414244425
1963597618
776932488
289088229
1341926642
2055137031
59897651
170053186
1009991860
1336493951
527825552
1988198411
157755291
1527935120
637710416
561261254
132832304
895203270
1328574802
1467604118
934110109
804128377
1717044801
214118192
1755625728
2018852659
1825472296
1478102007
799457461
1221962680
1495761554
1213701886
1038076650
125210394
1502790116
232519644
32863777
1562687767
402572830
1042855638
751698071
930398382
883570401
909453362
310849855
1521280817
1470714617
443682159
269000440
651805771
1911286277
1203110549
1455934148
1480847431
1417228741
1064076228
1352216442
1095217390
394694588
4190255
169696422
1890456142
1217892142
1207773072
2015666536
573198610
1440292716
2048530314
2135886377
1842865546
943902304
740100800
625780281
1827472705
1649554163
936630136
1201269875
972785132
1380312295
1470270315
1624590903
1144114925
525897216
933041403
477478708
1943125958
1997117632
1829695150
890859700
244328572
1833885405
1060556122
2134784714
904293899
120845546
2002967602
1477492509
1561138262
1904014268
1465895239
1256520160
700432924
58512391
1882300441
380421982
1708066554
671446929
1581691857
533368038
2051759225
904478524
10475293
1048390502
1430375740
943516697
1525869210
1226018050
793150681
1208080712
2116877750
1037479253
894482469
1029950224
1024780319
1798776369
1150795770
880264273
1128785230
564450384
636794894
447196821
1820970545
1337227818
505709213
1555787338
1717649800
66292119
79750620
1151858009
599660158
2131509845
2056336533
610135451
1032416699
1339228626
1553652148
410802261
417763028
199319181
1618882973
387157131
1236798434
365881794
1417107355
114095105
17174515
420419478
994359379
1145959746
984869862
1631154273
1593156567
658356759
820898443
2098865780
66660450
391064596
17674252
146411070
1542922605
617334410
130437267
1451775491
1227469861
1162853966
643520469
633638362
1573656227
1061283497
832957543
1045055552
1448440628
2069755978
1410937346
718064336
36367435
1428111862
1138483814
1030726814
426587960
2123353676
514397439
2019744527
634226788
1335295883
1971126660
700887238
1726360479
1988800912
847298308
1121799436
458651674
977735575
426091279
1686121535
2140589541
1069611748
172276249
1566762120
2130895246
1005233793
464334024
1431852226
927506123
1875271370
2432914
963873558
1155899584
1140916728
1994600373
1582487544
1116786757
361514164
1454748424
1751013545
1696810047
1278391436
304417135
1275686878
1119708700
1151715443
250002667
1578360374
2129451018
676093946
1116998261
2122556911
1745705695
1289274511
1541835383
1729117293
147024656
2006169407
1013485871
1074530779
1733957129
1015918786
2038404337
742373066
9351866
1885521062
177376962
1126138623
99551579
1632125386
729668520
1796361626
763033174
1034085655
924564857
1882741874
38317450
1174567524
1313618600
20284820
1850661470
283133214
2142841731
1448883517
1572407725
1537193466
1030517162
1719432381
1395879225
2044003034
646479512
982352707
912438172
537400201
1724725773
921790038
275437616
1902102735
2047928662
374989195
1386744474
630113534
23867173
2294000
1664199190
948432030
1885035875
1702516640
2122999554
1051170827
1722801461
1826177377
1334304041
1718159544
1127577246
759228118
1107869363
10610761
331176851
356264940
2054613795
977656363
1338617647
819568319
1515056565
915859772
1741358357
1790494181
670478860
1641803371
17999728
2057223334
124433258
41866901
2059517334
1788632448
990298932
1797069561
1343665440
965814838
700756741
918983253
644508567
2035060782
489659150
1772085814
646805253
1597528513
1782696575
977982104
1953793453
1689826722
1955638468
1144927453
361911393
1323211385
2060787225
2103269750
966221918
583782437
1597589474
984221646
493522123
1722022732
1026088547
405555810
1363171532
2016387479
55141723
559353324
834718670
755898464
1478336578
1479227237
643475599
1967995728
1103829403
1290280852
1418040593
739042330
120779308
1224350398
281385404
2076417776
221794203
643296797
1252145513
135097781
599082900
70883783
718880218
49188726
1055105429
1212402342
1771211458
2081193977
1617958152
986899342
1950097808
1673099875
1546252666
637332830
281514692
877105596
2116560068
924990291
697617676
1072905823
67787495
2115658269
1811948154
188566803
1192525020
2093333558
117500932
1414319223
589146708
1369646445
1549417004
1188229608
1440530229
120813575
1237418334
348152010
1333215917
861146144
281862339
803690421
1848045486
84476500
329306648
1246814504
721809330
610821340
2123920101
690885750
1535811631
674054129
1763791574
1603599126
642228751
1428256080
1792165930
1834753771
1374105990
1909666862
1101589346
1963252698
1131829659
503522703
1003998658
424876240
624336278
93933344
773028251
1957552195
955079488
1054890590
613758968
655641326
1139367090
943065616
1902455831
1861176421
1553886957
1878892284
404578523
942214940
405462765
20886449
398330419
1047691516
1449142529
43012701
734961639
675764872
1952679563
1836550986
491533922
937025574
192590041
1495532581
1361901815
816926319
1589465925
2134930066
626994866
397061766
1042337008
1240753834
1052703092
34220451
36335802
807675275
1895396872
1590222759
539083911
152491747
384954052
944546677
173378197
783284471
1992238193
1622520726
826297172
579716185
150801950
631493087
268783523
642335873
1568518661
461373564
2137868454
782936828
1278299883
1579850731
770383246
1905294749
1976912497
1812720255
998564935
882131942
1846940706
1034900737
1689807217
1594853930
477639849
81407481
1747345677
862593901
1025954158
1920723874
1645878372
870708703
1395760953
324691896
1450424888
1546562903
956184983
1719208411
41415128
377219996
33098327
31799934
1160156825
1311398210
1611650666
1930540071
1069209311
1441079515
1595776678
2067774246
175727809
1295233736
955191336
1865535027
742604018
1432831185
1946942508
342466048
147941438
825413018
115706274
1793819810
1696121721
1511467227
2118511706
999062962
910546483
927213041
570787725
951961611
1304433037
603886053
983761546
317106214
1915284263
447928564
100162638
837009927
1889008079
1695939316
757300525
2064735889
843689405
1712491861
1782787268
1586293423
997839398
1582246128
1928759471
1145780836
260175498
2044465746
792116998
1956297219
1408449325
763145056
807876533
171512160
1690358097
1378664259
1123473772
847307487
1982550312
2107235318
1164413701
1750350927
407680234
1264576339
439877206
149204665
813032008
1197177732
66456906
1656721413
762185945
1849244174
1095531188
1760025344
1284006654
876807012
758322532
1544182152
773789110
1550439531
1352995724
34754787
166100939
13388609
206266948
1856459037
1392052868
1329740720
556282876
1227119532
1289492390
1720696577
829986812
1697172624
837789269
1269864018
1846377289
1650821277
319558102
1912834196
1160059042
1081744048
1614594722
108106582
694285744
751117729
984913594
1452608276
147816233
1758702704
855564159
1500811957
1793457492
1021665099
1514200567
1999724440
730640488
758769787
1181981512
1286923364
1985889320
323990254
860136293
668392484
2021162878
1697925562
1938256502
1720056519
1201263191
110330957
1485407067
213838585
1192075005
952518142
321945168
1886360749
1703635871
1306858762
1191485377
1851452104
918077819
2047049537
1204780414
564051663
921230988
571497333
416292455
1651871476
1330267120
1598273967
791311192
1168672792
1922264221
1651447485
1837065276
1795943451
1201889400
1627838131
1368516322
255668943
1738169088
706439742
469507529
782760445
1658957884
791452697
521637546
1215110107
2098311459
1713122923
919078563
868905630
1612688812
2123858977
1432957293
386436152
547872662
1849249748
2038307628
1878139783
1300040067
682135172
899328927
1074820640
186099010
588910556
723280443
1387988410
69265039
2091796766
1643657353
1807434127
650752860
2113164882
442710924
162227096
757133931
964348470
1377337203
707961743
529987745
148932118
1576867373
2142676558
125307448
862341019
381629062
673180110
564107119
272453043
403836245
1864147187
954588215
1303165173
791484179
1140687225
1892075729
1514764623
381191987
1961340768
1459077741
2024849341
1621291247
2109830601
1990530575
2064002171
124574049
600180859
880866993
1501911252
1308142602
1410854738
1650843370
737526327
1406047648
1776150818
1599867346
1787676711
301847281
16490818
2060129754
705683526
1880638005
867234321
2008848699
524638536
2007921547
1753440780
2039403159
241629886
1567297900
1350997252
118995579
1041105499
1313344205
2109526155
957624022
1437918254
562223366
1838491015
792345858
1870365968
1101862106
295705581
460408647
360426106
2071856399
2060275994
619169
226220032
2076766812
2060748923
931903559
1809921169
780499597
793268610
187076057
640937496
399225743
78995569
882567382
1966523643
1429992821
1001562962
860145495
595853379
963605469
1817769517
2033771633
1525828835
1508776885
678633844
1248711155
463155343
974339425
1709119802
823581449
898712176
1621912148
824200619
1124932209
1551195312
737465894
2056835768
1213632833
1517965491
702620730
1400708891
11419339
1101846473
1479704460
893986722
920886469
762213633
1895549684
1781031964
1358067012
711671505
1451317833
1244354998
90016692
812611070
1922988842
1338727847
1275766413
749844619
900364001
2099347863
1648556795
374792502
776064834
626005356
1925987814
1513530728
535357476
992137000
884012572
1237978207
245362243
895431911
192341032
1725066703
1789418633
1113227501
339796688
1537484669
746775817
1697863701
101672526
50610003
794735051
191689218
863221073
570240245
1530417065
2138987487
1320084864
283297419
2090851702
821158011
658089921
719432888
1447163368
436594087
85479968
1982520844
1428731087
969492540
1073015403
1674093330
1864924452
1265356436
1251676385
1506859437
231100289
1591473074
896860459
977876107
1141853127
998532985
1028486110
1936588178
1190222204
1891707183
359344775
573155621
1883211022
1679429639
856453040
1826579076
353104002
1514542961
398528316
1800267370
1951137049
484008285
1635304567
1232384488
1453500825
560836322
758994171
1170941629
1826192758
2010670556
530317419
2057293048
1454659982
1427177878
887685507
449029461
278227215
1916171617
238133991
1468449419
1660395152
597478766
2041605041
1396122527
129424757
750574433
1075217955
482528760
117633747
1473746272
135312482
2068770796
1957754557
1770617049
1153671636
1263771734
183969724
1912665807
287229716
2010162482
1775852716
817547135
1919971882
1083029050
97241365
660173741
1532058512
375468580
428861710
1770192503
1843918000
2089256863
220187622
1738039393
1337895742
349612379
341130178
265630049
832141139
458763925
1739376321
967453622
380051073
1549647230
590587023
1533722710
665935317
774556747
1298904869
953165033
637235582
927273937
1770712168
409723816
2010302988
1867953533
1069897558
1394877852
95938465
1498759268
1017586707
1939856465
1440532483
1237774329
1530412210
630944577
1587386709
1871542389
896574627
272044200
182822666
488467300
1239497822
562873740
2038114531
1830084846
2096596450
556566200
457157945
1248017671
1509731233
1094393527
27807961
1132959753
1504117344
2038110949
853429638
426531254
1285505153
949368103
1925290522
155608212
741740921
1218339358
1393382542
124669483
1849283935
833285603
1996211872
598374914
1105329803
31550891
1086842215
197343978
594424631
977473098
2027428824
543537433
1534039298
337103121
1791555104
896286883
1431496649
1819363065
2029246636
788130345
1709990366
735192626
1214661599
848011871
1684560729
992468473
1003620084
278818002
63324183
249518978
403487486
1912608119
1082804581
252215710
363499385
40650736
283766601
1450341600
237994714
878191232
280331050
117939890
1421728665
1814370348
455043012
1065800122
563173583
1886539661
737679539
444936571
527186358
300186258
1180129197
1741847957
1148198129
717206279
586832782
4334565
996024281
650156966
253853543
1399511767
415281437
1336658124
1651727478
778780822
1377308861
1935494079
81638775
1615303575
666201664
361969825
1733243466
2087930329
28856526
40802830
1006246803
592030109
1927342491
1743926343
1036966681
307045201
2044112601
69612230
2048893158
1044827082
786818509
488242292
1049161648
1782842791
1138399258
1303015191
1034870910
1553680695
492189668
539114740
184977870
1869498529
327125172
266616645
1337318456
993326836
628586470
923078274
933773517
657442996
963881104
1940020321
1249473106
743739947
1536463016
138956139
1050785148
1433091969
208568369
952194658
330435403
995386879
1440436951
1379597051
630746022
431352561
535128595
1665616932
1985033257
1027318263
57248025
22527479
749333144
384373197
289144124
2086651600
1377700033
917730594
862246227
163989902
1575173591
1826127331
2104010223
677163049
422383631
1492989591
816119188
1473168779
778597912
1024687557
277879790
1109033316
2020074436
1718316741
341146719
503336810
2185654
876275314
21470095
1987218911
1903593577
78718120
2009746390
505443073
463091317
151406866
444611026
1840791350
1069137461
1306857253
2004781252
496827404
985500936
1961307828
1173990453
1407884567
1306813771
1990109641
733569699
2085411684
867313550
1011449489
1046961352
739904339
582282582
1388108071
1243241149
584468236
116899738
1264711244
424203500
2020493315
1343429364
286466242
378452741
1806520681
437873109
823063767
1499828383
1507010570
2129921020
1357125988
2003837974
967938308
1170950168
1030344779
228339228
330280291
872970772
961908927
268208327
1740284322
1973358416
1315169679
332705013
408157350
555794103
1575946163
992625586
672693841
693173759
1416829086
545703508
2036603124
1703295329
924156249
1695640157
2141168438
1747220016
1047984893
1500695360
1729657388
257627233
1357049686
550112049
1428577401
239910817
778451277
1758857692
1112881589
1740360204
2027066020
705682263
1566234972
1194752051
1038387277
1974392322
1750546154
466849792
819534260
275756347
1160023551
88879699
821459856
1049143027
1792175028
1745616105
597299537
1785859818
1345352474
1645284430
1139071530
927526214
1902911663
348637568
1477638263
1184005416
588548385
108605892
795379460
1701429974
1848966096
674961832
259628589
1267717420
1869713884
1298015866
1094626094
1472776390
1764865658
1914160355
1748532738
777405562
2003040054
422508946
1826548589
1647731434
20641403
276364478
1286107604
1365993877
1921648908
277695486
146036444
1677076923
626333054
1623674707
713598691
1214881439
1732280600
1508978152
768827765
1433763048
36456336
1028456354
553996821
1906170220
178988573
1648622915
1231462963
1943854231
1415299622
832512053
573776145
1270856028
1255020999
252841087
771103814
1275662402
529205565
2057211418
494172632
303370826
187423256
640209076
1980447749
813756310
116400135
546562793
2028637749
1848680735
2055540945
649981866
1134960136
2091997281
1678438221
1688956957
1850683854
1857426794
1190096224
934663169
1653797377
457912199
1767175222
80089875
1728768227
874712573
332930962
352388394
2891327
862136527
262116164
497063959
1165507353
449539421
1137273035
998471455
1263295731
1253673171
1545034248
1144449833
954870258
1453091545
1794431699
2089830394
1397605178
1325386272
1631303703
1100805384
1035329418
673916280
2035468553
541643148
1131828479
1655160127
621733023
713113058
382389052
954663985
1065501452
385280380
1816800512
1327617617
882344339
834824218
1777157038
2019617375
1833295673
892969121
1125806898
1230846273
2037418954
2080677156
536454170
1684367006
2023023903
1934059348
862269630
1506843958
887381085
1897599049
33276590
775365990
291758549
1165105069
283042470
913491572
1878218128
665431522
1868155557
796235932
1050711902
1537472421
2123853549
1933056242
224812991
1753526939
1805189969
2058108664
499012413
783513219
1141471289
388947719
716706727
1677925459
2073314725
592246982
1464501160
788100708
2099090941
204398597
538216109
2132367531
979764587
829974658
1149988953
1262807057
1743466230
880723433
1928238580
1464138139
1676959365
831466834
854126912
1653329267
617039428
1078939904
1259372558
274745749
989564920
1758384971
1058258968
2131036210
2147332691
1774965696
1661478021
2073163768
219729030
978495533
713780828
171336323
1182894130
1251996937
156220207
15175070
2081971595
1306209160
1277982127
1677954177
39448945
1058737059
994608668
1716408310
1890203894
1848735581
1222253929
359759674
780191837
334142840
634505424
1769756757
2092527811
1692764392
1753309319
2092376854
1320246440
1267303693
2018056975
1539975471
98315578
584354155
1711311794
1281209709
1836351093
1867532001
1296384779
1770839040
1026257513
426883258
1301309570
1065706458
1485620318
148434590
634631121
1228340564
1997170171
1856885050
1588100238
629878360
43544242
75122014
252151470
2136072054
1767886407
2005460789
2080965260
940649199
1125280834
1951538587
333141022
1223596413
388409095
2044452817
357322474
77276540
1764501170
1653707253
1848115580
643275036
2080590511
1001941502
1708981494
1418727181
1150376093
196128967
499584097
1000062616
2053014018
2087684336
1629940977
2096558260
15322702
1882092447
2085146666
1783209109
1740069588
2018628279
576374661
717866775
1822683218
909515683
1941463188
63608665
806484852
151302014
140885205
423502375
1805009267
1989000786
1066777411
1738116130
843458640
628275257
1009359664
1993834733
824404225
1508943761
846413702
729934595
1449144449
328871031
679009207
1464467152
63479830
616672226
1100192613
1803549418
487816857
1676567274
373932545
163016427
438599310
167912085
226625093
1245084162
319214099
367510298
1668586537
2124223366
209027436
587880300
1714855849
1052486077
1216155558
576731865
898837162
2040559783
2085675626
1745250864
623010730
1387336428
2074121895
1302019937
704319932
2137601725
1918692163
1804512545
1793667496
259025372
1333596172
20116393
422041800
1772195482
188028479
648666893
869795996
507242578
1016177191
390898886
483982297
1225204628
978779186
51354498
130207057
47451096
628086363
1029044219
2088010879
566278341
626811436
563537961
1953614769
553449683
1865557899
510451053
543567761
1636766414
167479951
189751609
1895791787
1501076123
209868002
170349939
1125787957
397896481
819016832
1995583953
905139060
1835194023
238999191
1389121357
912915003
1217778378
1440475855
1043122060
1265229474
2068562218
2072166280
1205756706
487356911
551494068
1769294667
293488033
1104943751
1487368918
803939086
1648511512
976651685
971419037
1838263121
724959824
325011512
2048131124
895309763
1450799469
298543957
1714326595
1298899775
1203683017
1402036970
1537898966
445320726
167468326
608193696
1885796581
1210590386
1873423171
1806875151
1135273018
931696229
146748415
1686767086
553507248
440236448
644227190
2040876167
1244175534
145255054
870044204
68110924
1983518176
1595004028
393122436
1884165652
342830143
1843921906
35225961
2057156738
995338033
1238908979
1311710060
385753351
1684229705
1479178386
993947048
1422542639
542285125
719886571
1081934142
1677558143
1651582800
1228682557
1216841582
57606400
1668919005
1861068772
2098482567
765610892
2006323826
821043123
833721816
1842358354
268563503
1226844252
1579040358
611393646
923282510
1614266320
521066736
1918620543
705691651
1832776797
156890247
242437708
1164471535
1150837295
1664980347
1706756660
1870723866
599430842
1236831156
1374823018
1828113399
306189090
1432429418
1349548757
19774214
1383428338
2115159649
2026098040
56987813
801397817
1720972747
325551317
2028242069
1152529457
936944963
804040932
619312129
1458011700
575177827
1325003780
1143304849
732068074
1567441489
160292736
1882905369
1084938188
1867049397
1606145587
1684369030
956396905
833484957
1364998782
1262585995
118430728
567063891
1282360209
1501859066
534739892
1160974601
1558846879
1336137709
734463700
1884398196
1216896130
1886993158
673859512
2020937062
358821639
2131871212
448631242
1683825420
1127692413
1180699316
1103783261
1287985149
916121038
41237801
1007550898
374782977
1725606832
1963947803
1208267935
943121966
1079050150
1326698663
1510185857
213926711
681074081
2044925749
1374901313
92437312
1233579810
2109365013
1976835509
302992292
1848874523
503211373
176445707
60212515
487598937
625076949
1744037935
1615291350
1805776265
700337548
755792851
574413655
741575349
1763343750
949196633
319698533
1579807905
9980920
1262820499
511374408
1336679583
625522708
725301119
2017753664
522964809
2100202432
2110190976
1756544619
2062083798
1939542837
2059536912
1763474673
295270562
88498971
1823687188
782869499
713575920
1420241475
250677201
371868537
2120579023
1006470053
946282193
714670725
622330155
1895478826
1034369258
54654412
1905459746
149706110
566028820
1094655681
775228818
1291329940
964925697
1298193628
1244048724
927633025
907254599
1158648874
719692215
819307863
774639900
1014962777
907806834
450843440
1797832277
1621382754
1871084916
2048509478
1993251292
1844180291
907495883
792049837
411367368
1529826038
540045015
1445736627
1584480451
298021113
1595442737
3025623
1392676794
223187907
1294355563
210118843
1521381535
390920640
1137751868
281152487
1549569514
1857444083
1100460350
176725766
724923213
2008267185
627569207
375271842
1482166291
351170475
276297672
1327933935
47867118
1183793556
2119983772
459234487
566135946
512545139
1904971114
3132749
810566252
1352930203
6158373
55759398
1576118110
1300513936
265878241
950015998
1691434576
1403630110
1231168485
1093520443
1113590545
184145187
1270246209
1838513758
44928724
1897815416
66301952
1527095016
101502243
342599625
707545303
149369362
1526393181
680045428
608603849
2092529127
1192590567
366091315
2095661877
2003156820
1719021518
2101820250
2058916218
1147655980
1254850538
177310812
2097671978
798801467
1580940922
1181356815
1892321910
547047819
1365502003
1015084471
238077930
1410430727
765416240
304379882
790042095
866918483
646979507
1497587399
1016287845
25889040
30149179
1624891694
2118418168
1222739746
1990983009
2066596397
1078412918
1562520879
2020932999
989845489
562693212
1128299889
1167156301
512881542
1927101356
600613575
1694238358
1671939618
1147661394
912256713
539540442
1385739324
175203792
1304956682
1690119207
965245888
24391517
189615066
315349639
1040679363
215504107
345498818
518087409
186438627
1568238564
361586771
105551376
499167835
1924107650
2126484375
1489013324
339317214
1107300616
508685977
852198757
886918325
1109299552
398953467
411374295
109477298
1311210180
950914737
1495216623
1486413972
108387771
1037852182
304176212
132779289
1227467248
619525851
1173458652
1442971355
965024669
1691546061
1629409982
385779586
2053132832
1734961358
884947421
1829756835
1713962085
226477097
21590401
673779054
735163074
873789158
1560697379
1844462626
1272742625
1972071674
1953939924
436469157
775502764
1301672899
1922883130
883890535
192041433
79575694
1016669824
1419508682
699101546
42644828
714996389
1664126215
1734190890
196922724
2049905801
1639840074
1931884082
787369574
1322113261
1498362520
1013846671
1343703663
24657926
1749009745
70009173
1585355305
1445988723
1342751799
1409943331
1252445000
1779220956
37962447
406634251
1554620438
921852983
598675685
1634196133
1938522807
2018184367
185814031
1981167636
585697108
1849940246
1567874878
782619832
1752362400
1060231304
567020267
392248326
234860918
2065382787
1406094998
1578564581
2090040713
1007621095
1648573754
1527912370
306126171
843841905
790372053
1558571171
475579214
828334501
1965205422
2030199652
1750187484
416397459
1516912137
1541226643
287098178
1702726168
1374910631
872795287
1405182767
795301861
1655415119
1010061519
1855533166
74951738
1402309845
2090394084
2140334525
660921195
1521475017
2082891590
1668542291
1022565123
1463320312
1974668462
1866407029
106208718
1385755985
194502595
934543219
1203477759
77218599
537247055
1619875219
1594130737
2078473698
1906973397
1149373257
1305900682
632285036
407072376
2101202543
140216508
1417133895
1809252061
215168246
671960093
1752162497
208019124
1332881288
1126153866
143427066
853939931
1235342
1606747379
681124745
1867642371
1712956097
2066880730
2062144966
500015668
1122874842
2139363565
1037262723
595266413
1586010654
968252773
354756162
587900264
126669807
987041199
994972640
80388703
1127257707
264622888
1889640764
1342425953
936582981
1494319614
1550445077
121980621
472989832
1693872144
975920553
474225174
1153135875
1657045298
194383897
718608324
1576442381
109045215
1218623992
551833575
100925133
108403067
1147099988
1686935787
1076655840
1501856150
127352403
1203325648
341413701
1122325044
1283714351
1468671408
1386947932
1025871467
663613714
176047265
372707433
66575143
298027886
845697266
1760447287
1273948439
1319922440
766099514
783510090
1514306338
1484707838
212468823
1623351553
555848182
764302398
1724276686
664251249
1911402386
1263728826
1740907090
1265774888
1391081229
796749090
1607188590
365922625
2080463441
928376350
1752870557
958851260
1591990064
1928917822
1331558694
1658565208
79462061
29772312
1271528847
1353410500
1349694752
2037628362
2136920590
716517442
1374852552
201905765
192385348
1930700735
966208163
1916662034
447468336
730126901
1032907212
40891778
1995901790
276504794
837640868
1455606732
642427419
770620661
236499434
247814329
1729471922
1828489499
29248503
913546968
1339571059
108710564
943319280
463616258
1462121065
145530384
353760972
1451558007
862047827
1728613525
1653463773
1054433175
1511830612
472188288
823611561
1959298948
1202315190
1856518774
2000190727
1050733332
2133023568
690347947
358856416
627967339
1460968609
595355850
875781668
1042956883
276361701
905030172
1956503851
1615932760
1013740736
752339483
2079549019
328378153
897869867
285826343
1779936161
1759917694
2014439868
1285916286
666867221
1378786832
1758104574
1490478783
1190602133
812936116
1199513909
1043309212
1863669448
1185053829
1733657159
75042216
1813021168
1047142120
670398067
541319189
2090099003
946759768
1446349361
1899119206
415208881
312606449
503975041
347274252
640984603
1401844909
633100595
273437116
1014278955
500056816
1559353402
1681146177
1878843648
1169974328
1024141312
921962133
1982910445
76171573
1965271345
1699096245
1261225402
1551444857
1774138462
926762922
451103329
297052881
1468082111
393718685
1243812649
766947824
145354243
1659021530
1079554274
649329285
2006295782
1720538877
2051174194
491912730
1993975993
917969501
991969546
1405845747
451632030
723329546
428336427
1475773342
1645291680
263763224
1551944915
1463079377
1962859470
665686669
867040586
1589514284
1592449592
1318143916
1886567165
913048055
1711862601
982896166
1679995880
1857216844
494434049
612066506
359062481
353246183
185121735
262753027
845158913
31614080
1180722529
1837128459
1437459827
1632354559
412974358
1865796254
960644254
2058266038
2129559479
365105521
1373861767
1944935301
1030792191
93418706
1386965937
475758135
1411562622
1126049454
1388806190
975941575
2108945620
921318422
685674771
455896021
1533384928
1044737253
809142205
1718506663
1307490280
1654301118
1750120743
340729161
1343945930
1040096922
1973083721
