226879795
2003626534
1573500099
1267977919
315238207
681006997
56566257
957726109
1164941257
141716563
1064454789
118160733
1747199614
951464060
1349718058
1213492047
105046186
1158588256
2140304728
1371504056
1470633798
297189413
1563400556
1086403817
315704206
1740131938
533740116
1324384243
971169822
1463136515
545444442
1198049617
1319279402
2118944541
318543889
1634517609
652467890
375110146
444760070
1817409147
516826709
1509214860
1935569881
116542676
313195272
1137804291
1330034723
418241458
148908899
1322855803
1789745514
1619542698
1620045217
1205662423
558462867
1935749423
798310713
1092202984
1112650018
1769480535
407855851
1658094460
820046505
1727135253
1629555353
1138590394
1214169214
134539596
1513700540
1658929285
1951948743
2030527249
1020660497
1740034976
2147069925
1333855769
730355620
1329621001
1752097227
879264519
504993156
1394359094
351323569
2125038373
452537869
909786437
1913304148
1250848582
2001989421
878470518
872845470
262361624
389081330
1692891975
1989496878
2018636684
683998721
1056182444
5692632
50215613
567628081
1957641375
2080742862
1588288578
1550192704
2080329140
774660699
133064676
1262466493
379274279
1012329195
1767459649
1773633373
1363652765
1745014375
78687594
125955554
1510834875
1329536176
2127944975
241821746
54897998
242822951
630903076
1747789973
84836181
502056112
284305046
1141018626
507748744
334520659
1708646707
317906472
267779874
1149451638
1868099176
200625366
1924112337
2001163852
1463091859
155902968
866009399
1083067860
1929536341
82178516
680598587
2008223935
208134070
43949815
1190276464
188595397
285771561
1245174462
431418349
916674637
845480788
516254530
1418730750
1129785834
1657273156
1926479494
1464306494
1218436216
96902318
1732086368
220404206
1965001494
1932711734
2144516543
1818681698
1248319945
152935864
537207450
183904157
2082472205
619385966
864502745
1943212493
827520037
908452560
986005309
1016115434
1194224121
83696123
1447533783
2110898758
929176911
1963788314
1382145860
2058962746
1473577822
1161141707
1375785592
544530390
1258044025
960388312
764934596
1075561872
745616398
761967492
746759922
1993936343
914903356
1283967372
30356852
849891913
1903353339
894859597
645620758
583389728
1803312157
1631626067
1599505162
850052630
1715322191
899555298
813467741
497015454
715859964
48129953
408494552
41954138
1209271660
1784280144
586484529
319832038
597184808
1351419125
1395393910
1342801206
2113386617
2142153832
1189253901
880806325
1278637557
1219610754
1730698239
1034507248
2114470351
228835349
1617896976
1770298861
1860461417
1069918490
472867843
1428299960
1969473788
1286335584
1925315414
537850104
1334465538
186326319
579804243
396253550
1970606463
1166288772
716085588
420307624
370224249
2111479498
1763108830
336127219
2106149683
804879084
1216933544
1237303592
2024489838
800148135
124327192
1991476541
1028983485
1742224168
1614291754
741961254
664659010
2087159598
22777566
486649151
1226011534
1948092980
1024499255
412993424
2134419299
1604303498
809246975
1957542115
623108622
1525332563
230366091
993332872
1489328414
1993474921
1329460091
1447994449
650870357
398909987
537814393
527876547
1199058123
662141585
371869441
80557960
256882105
1986161195
822519214
921541115
1925837145
845296780
1408190266
1004365032
645906112
285205874
1417358456
632841764
1889509372
79121783
442900231
365134347
1604454347
673266322
1358467219
946299113
519257595
540443662
246809914
1170127953
939353649
784624307
1698004500
2138411772
1446765892
2069873941
71486084
1703647997
1908551489
894005298
477705464
1686904986
1739302078
1885895731
543786370
237724543
23617957
1961144827
870566307
1913127329
2040266610
1313466538
130778028
1497237309
1986732860
1489245247
296052774
358506807
2029688909
542862688
1528634760
821558911
1327486995
1079155613
812487035
626769239
1001545906
883973120
182933588
762613747
1777978418
660639053
302035086
1369796849
399051136
845821456
1607521392
422669093
659482635
330604051
188312774
552265598
1644070589
319090803
2049502907
1483319801
1808336050
198072034
1841826608
1690541312
740934722
1222977721
364616575
2068421718
154649686
1177103610
547707309
1156195592
2061076730
730640898
1918809340
1691571501
1391279951
73360778
913884702
1790331087
919182234
373922446
65516532
1578664870
704526497
253829306
2130930468
201113438
572920109
2032949727
1684433239
233772512
83538113
1378776199
1924313824
824472836
454270272
141446751
745410906
608919958
1318550361
1293118215
1765115551
1232143444
2023759113
1536441243
776231297
1267555416
1609802021
1690115999
910402855
381500607
2064038445
975919387
1960165477
621081294
1229748694
1943612297
822194732
1802668803
1829078377
359144323
2036441315
1912616490
1737920522
1813271491
589605678
44707147
1954718242
1335016584
653627105
1125784956
480651152
271259008
210444752
356926617
1807700251
986676049
1624482034
1270018624
529308400
387401241
1651519232
445863197
1363320629
1464201061
1066944491
445585675
1260329711
1889139223
100770830
941924440
100799898
2137212146
707057282
1838720420
1802999989
1296662961
1883427567
1610234584
484195897
389571025
588535892
964847049
660830033
798980644
1321773667
321046637
1785656693
798772053
1591065261
167481445
1186173294
1095100845
613344642
402010275
411818259
1680289133
847595950
1672147970
1421944708
948366781
466588762
1522744606
938095279
1173646044
1213981378
593611620
322825357
949925298
56362556
807021255
1339496323
644898448
1771868304
2000326356
1443879092
946158323
173889345
1082052137
1744930376
1764954607
1249533582
783620023
712571804
1862878224
1185630298
1124390063
1395683709
2033226249
649054385
670144769
834109382
1115643147
45405727
1772204661
141805544
1259387106
218332633
464630901
61828756
274695190
1271652156
1401325079
919593638
896036813
1254167787
215989083
1842195136
1428057133
1298041220
1439641865
1045528092
400091155
75778240
1758099896
115485731
1261408538
735006312
1511169441
1147151139
1384060697
33830562
1981260521
352220197
79236290
1605981534
494025741
1338623396
1824314168
958656642
1400452152
2099009358
82825151
654293583
871119348
978861964
1908461370
1087108431
673573452
1189034855
237666004
2113215317
87079299
637757159
41509909
1845179196
753242890
1302918448
432701860
116928683
302585939
1816762557
150759246
136362813
21499106
229995536
1742344347
515524847
1568618932
1419174867
1474181490
821587436
1370700577
1557006641
1475881019
94336278
388384957
1236858741
1181444709
1061958409
278409949
1419110713
1027690079
365489248
2056867872
1069199988
63184796
662627115
224634788
495886656
779555798
527220728
165165566
930315044
663583541
186664672
1160310580
258444240
702189520
581445864
1677619108
28887362
1403033300
900836037
1585894003
731430671
995172315
1974278960
1968289413
29133377
888753721
99215714
1448244090
1916443800
464704962
1357628315
838160141
527889759
2020255430
1062794929
1023776415
652327580
1590015657
1188941981
1582642625
106115550
1375606654
595469557
364559791
2077796174
1176915422
2042178899
2106683536
432465074
795531288
1545093891
1163895746
1790703604
1371889203
984701511
1819836981
113159276
1083917225
1120597423
2029603077
1548622187
330742090
720279570
2076511946
203513872
1783074499
952804714
855841453
1225606509
2141746695
291000430
1331722059
1369869701
886469987
1696281850
1300182227
2063385409
1590977101
1259382115
348366836
239024742
656992358
1512262582
2029728346
2028881561
349480445
1702081679
2142040838
1433397670
675195454
2024160267
834536209
1005937545
596956189
763564508
1209451417
232547040
1716369222
2065292870
1458153549
1710632269
208809652
642391961
933018323
1095279640
191190163
85716902
1011181401
1782167265
1345099018
1359548237
2021192007
2002091376
724327171
1903436705
1883489290
1073807616
1458034736
1878046480
359721638
2133230190
1754723099
1194257848
991684087
204195640
1957822356
53651857
436742680
1526707930
2118944727
1894896230
1089856551
180270732
389804543
2022874874
1275550372
580994706
2108591777
139248125
215678323
1306207147
1498796363
89386682
1160814875
75639886
1992823387
896820517
1149447503
1303374475
627383349
1509169141
1289121018
234622800
555943341
133321457
438818440
366282049
186973314
875561121
1892989979
158434394
622973703
835362883
338705126
1012778246
710754109
1614255498
1593772952
671862238
1753503623
1809451276
1978069385
1104816338
1898837958
991400613
1180456225
1744177698
1888221130
182420080
900068525
368120832
1691589221
41705895
602743632
100048915
175027353
1041562073
466330964
362000667
1917123194
211837296
520435061
392613249
1047200179
859140187
1405391495
1757954288
325912037
851680799
282332879
2079415661
513648427
112918616
1036748351
265002738
1104319229
69720928
2009180436
845056712
252141008
761765313
1213177544
1943730230
803471209
1815921176
2043779145
978498562
709999601
362626461
1340499229
479639147
574463757
1860934291
872252396
1621663936
572590830
130160243
1232134577
898502868
981841043
1514467456
830434881
1495489470
1627386072
1867183232
1760492208
584221654
1936904161
1622188996
1429278366
41561521
236470662
494972262
1985291751
1039941871
163409790
1881587248
2018440433
873409392
96730062
1211456014
1353048539
671193819
924906657
77817288
145374108
1497497488
207977531
1377508685
248516708
1189818574
744492493
1078951589
537824397
224394917
798651173
150832957
808616571
588071686
1773021954
90411289
629633208
2009492616
585383551
467441311
901950839
748793342
201544912
772907624
1622202734
298274974
1984363638
827767625
969468793
761786648
905584913
1114842901
111800488
1113562445
344867938
360317196
155897371
1089360431
1439268785
693721768
1313755349
90436310
844554726
2122371920
678507997
470093032
65299562
1308141205
332102000
650683113
1775582516
1234052839
1399476455
1977127428
2006960463
874195541
127918754
1843840453
1701963167
1097387548
458143453
460064432
64746801
569943941
1573626877
409614740
930261137
1729524249
1498975171
222046274
275762369
665246872
312482585
1120317095
640135145
990990582
1590410127
705434707
151648139
1922512127
1356117820
1927230655
1009081318
608110628
1756874436
868558133
1482306169
1884793190
564914939
1036785688
834697090
1023058392
1496850121
899443892
1593002334
922993350
1309058632
375779823
505033951
660550155
597826098
780796321
1325797028
910308683
1901113416
1965932173
1901299265
1344039896
523883232
2052947404
1119068375
1880001052
1832694411
2128149694
340628032
1442085199
849224179
1822934202
1179394742
1414139118
712236242
2014091832
289713863
61602715
766052076
1882716197
984596066
2075110708
111012372
1489630017
588177216
708838470
122942690
1913974244
1619147153
2024056107
1732422769
1372962770
1220612355
108822353
1278426526
192197082
1988823405
963637290
172863128
181967790
258238841
1022087308
2004901992
1437633583
288742778
569654586
1304241768
578456641
631257302
2070293844
313689190
1615853368
1997920905
424701563
957999737
438614473
1133540033
1080942428
205105069
605203539
957514887
1937527838
1978166309
30643594
2046350191
1109109188
222840676
1887689948
2072746478
395703805
2069657738
183501671
1417791113
1927076082
1621135255
1706533891
349247021
777893375
137506885
980504323
700703571
451196075
448874043
551140828
875897638
1406873780
989755301
2009437672
340332560
1194860370
467157563
1297847447
984904560
297840224
1328491041
883771103
1406949412
1551331718
623977404
1332212242
1947035523
546151494
1515713914
1217342988
325743929
989365521
776393231
674990950
1767258896
913900116
1655495273
320478819
1365096192
2104369316
871619648
93510182
1363759448
1861374949
2102947854
1704092009
908751672
422621769
854455808
1893656232
720461994
35463202
629943688
2127411406
1586794920
1253921092
1312140001
1386346795
1800072586
680370267
456206135
2125816515
1669735788
1232599366
653323817
1289511036
2146499483
161335442
1609989855
1364112027
118221110
334125855
1457622209
1481980559
48017157
1413086416
1038588920
956768829
1835708185
1893044728
702941413
408686531
1928507930
1332885101
388614290
1367819202
439322545
1700754291
606682349
91911484
233640910
1062888484
70244351
1903376698
148004203
723568169
1045404086
147020038
884903611
507910293
1511132065
1003124722
842036149
821270626
337621633
890053306
86873394
1376210553
1846822135
1922581580
1121771633
402279900
183784463
902795916
1735165002
572398753
123131470
27003899
125669396
729813820
118915383
359310306
1792702304
189159735
115203356
1940706507
912727904
1160607442
2087726545
1797631515
1668517736
1451374962
653272589
363070237
125161941
990894222
1253123543
212035335
219621127
952462030
2134616915
1341392761
1354741930
170917731
96705029
942423284
743316484
219836499
969427184
868985881
949650319
1088342567
1228296187
594868976
1277502302
1343499544
388091835
42746558
356623338
328334733
1840378074
2025141074
1779709695
346167015
240727663
1904871636
1337061238
1493851206
2116906972
1556682365
298829588
2104040239
750591478
1653571519
127474322
847296507
448511155
870790807
1067133007
1417938339
1739776688
2016783326
358797259
820589227
464168654
1636299561
16605123
852260490
1679046120
373228462
1180595223
1371940546
250885888
812821270
1718107561
491613552
570209259
907685151
1985464758
539632583
316883869
136810699
496189174
1067475347
1790382218
623663497
1914771855
91409725
1494454304
834421214
1509348065
1086747344
703720892
1868145324
1907336571
1167889547
1356961237
1923941695
2020150037
888523709
149686509
1053261612
112980607
400572397
1866082882
1831088169
892185949
288808493
591289672
730167060
828441076
908173541
866977759
1324630251
1975648889
509876329
1948293748
1742937096
601286054
1295264404
429874662
2110634119
234528100
1133595554
1831295795
2141864671
154001453
1040773385
1918322718
26667842
1929297094
2068009227
1079929454
2042277702
321097977
798528689
1725882223
1213283926
1087337182
169688247
1943450986
1915778259
1077861789
662945097
1092924862
906027030
1172821426
893734962
501480478
1774107481
41515718
931355140
1737257952
276043818
2064950694
1421070100
270424841
71468500
314359837
41263912
98136342
96173283
2109273139
1178065797
2138450985
282887468
1976594486
1716849560
1496171395
916448020
1886537808
1292138733
684742631
816915949
1955083831
1777667493
1722942979
980421609
523918807
76939809
607045442
565434525
1008294949
196819747
841478343
925761995
1617889847
1111903185
997230495
1932249684
1153167097
1095366838
2028422967
1114956588
125948987
2019390305
1397844057
2102543473
1588756217
746531804
871507845
1327810377
2038670537
1556250477
2144726326
1846270720
1186434322
1720185657
679208682
1710353130
1797125466
1286254124
128304007
657936767
1483073871
969782351
1583698763
953480070
2081685536
433445610
738246106
1087368985
1528812448
619185426
54841925
1654761435
491092083
1452685982
1609821260
2079848300
51734138
333845458
1260175030
2090404676
1890095935
1257417708
1789191748
929046609
830119718
320916782
491916091
479761536
1607170907
620220099
1137698304
942761130
1590002450
573913419
1896241201
1524204338
1007359029
487003659
464089675
388687830
1106189085
518931600
2043449265
1597281168
1971617583
1505786878
1529645821
2023351721
1839632336
642337203
1966272749
1582244623
1899754911
1607980850
363807584
582390981
1928897632
855723676
1062152518
1388584891
1475943775
52367174
183862374
918462577
626280593
2080103575
295183267
1633639622
419623586
759272942
2022327452
1525812672
1278204542
1918293070
975610192
1102338477
1276596300
357772365
978206551
968744988
1000109568
796995652
403505963
752380832
257492854
767313547
1334771813
38906839
1623037223
249440683
1427491730
951497350
301807857
1611354104
1869959927
928088450
1543974031
17659546
414244425
1963597618
776932488
289088229
1341926642
2055137031
59897651
170053186
1009991860
1336493951
527825552
1988198411
157755291
1527935120
637710416
561261254
132832304
895203270
1328574802
1467604118
934110109
804128377
1717044801
214118192
1755625728
2018852659
1825472296
1478102007
799457461
1221962680
1495761554
1213701886
1038076650
125210394
1502790116
232519644
32863777
1562687767
402572830
1042855638
751698071
930398382
883570401
909453362
310849855
1521280817
1470714617
443682159
269000440
651805771
1911286277
1203110549
1455934148
1480847431
1417228741
1064076228
1352216442
1095217390
394694588
4190255
169696422
1890456142
1217892142
1207773072
2015666536
573198610
1440292716
2048530314
2135886377
1842865546
943902304
740100800
625780281
1827472705
1649554163
936630136
1201269875
972785132
1380312295
1470270315
1624590903
1144114925
525897216
933041403
477478708
1943125958
1997117632
1829695150
890859700
244328572
1833885405
1060556122
2134784714
904293899
120845546
2002967602
1477492509
1561138262
1904014268
1465895239
1256520160
700432924
58512391
1882300441
380421982
1708066554
671446929
1581691857
533368038
2051759225
904478524
10475293
1048390502
1430375740
943516697
1525869210
1226018050
793150681
1208080712
2116877750
1037479253
894482469
1029950224
1024780319
1798776369
1150795770
880264273
1128785230
564450384
636794894
447196821
1820970545
1337227818
505709213
1555787338
1717649800
66292119
79750620
1151858009
599660158
2131509845
2056336533
610135451
1032416699
1339228626
1553652148
410802261
417763028
199319181
1618882973
387157131
1236798434
365881794
1417107355
114095105
17174515
420419478
994359379
1145959746
984869862
1631154273
1593156567
658356759
820898443
2098865780
66660450
391064596
17674252
146411070
1542922605
617334410
130437267
1451775491
1227469861
1162853966
643520469
633638362
1573656227
1061283497
832957543
1045055552
1448440628
2069755978
1410937346
718064336
36367435
1428111862
1138483814
1030726814
426587960
2123353676
514397439
2019744527
634226788
1335295883
1971126660
700887238
1726360479
1988800912
847298308
1121799436
458651674
977735575
426091279
1686121535
2140589541
1069611748
172276249
1566762120
2130895246
1005233793
464334024
1431852226
927506123
1875271370
2432914
963873558
1155899584
1140916728
1994600373
1582487544
1116786757
361514164
1454748424
1751013545
1696810047
1278391436
304417135
1275686878
1119708700
1151715443
250002667
1578360374
2129451018
676093946
1116998261
2122556911
1745705695
1289274511
1541835383
1729117293
147024656
2006169407
1013485871
1074530779
1733957129
1015918786
2038404337
742373066
9351866
1885521062
177376962
1126138623
99551579
1632125386
729668520
1796361626
763033174
1034085655
924564857
1882741874
38317450
1174567524
1313618600
20284820
1850661470
283133214
2142841731
1448883517
1572407725
1537193466
1030517162
1719432381
1395879225
2044003034
646479512
982352707
912438172
537400201
1724725773
921790038
275437616
1902102735
2047928662
374989195
1386744474
630113534
23867173
2294000
1664199190
948432030
1885035875
1702516640
2122999554
1051170827
1722801461
1826177377
1334304041
1718159544
1127577246
759228118
1107869363
10610761
331176851
356264940
2054613795
977656363
1338617647
819568319
1515056565
915859772
1741358357
1790494181
670478860
1641803371
17999728
2057223334
124433258
41866901
2059517334
1788632448
990298932
1797069561
1343665440
965814838
700756741
918983253
644508567
2035060782
489659150
1772085814
646805253
1597528513
1782696575
977982104
1953793453
1689826722
1955638468
1144927453
361911393
1323211385
2060787225
2103269750
966221918
583782437
1597589474
984221646
493522123
1722022732
1026088547
405555810
1363171532
2016387479
55141723
559353324
834718670
755898464
1478336578
1479227237
643475599
1967995728
1103829403
1290280852
1418040593
739042330
120779308
1224350398
281385404
2076417776
221794203
643296797
1252145513
135097781
599082900
70883783
718880218
49188726
1055105429
1212402342
1771211458
2081193977
1617958152
986899342
1950097808
1673099875
1546252666
637332830
281514692
877105596
2116560068
924990291
697617676
1072905823
67787495
2115658269
1811948154
188566803
1192525020
2093333558
117500932
1414319223
589146708
1369646445
1549417004
1188229608
1440530229
120813575
1237418334
348152010
1333215917
861146144
281862339
803690421
1848045486
84476500
329306648
1246814504
721809330
610821340
2123920101
690885750
1535811631
674054129
1763791574
1603599126
642228751
1428256080
1792165930
1834753771
1374105990
1909666862
1101589346
1963252698
1131829659
503522703
1003998658
424876240
624336278
93933344
773028251
1957552195
955079488
1054890590
613758968
655641326
1139367090
943065616
1902455831
1861176421
1553886957
1878892284
404578523
942214940
405462765
20886449
398330419
1047691516
1449142529
43012701
734961639
675764872
1952679563
1836550986
491533922
937025574
192590041
1495532581
1361901815
816926319
1589465925
2134930066
626994866
397061766
1042337008
1240753834
1052703092
34220451
36335802
807675275
1895396872
1590222759
539083911
152491747
384954052
944546677
173378197
783284471
1992238193
1622520726
826297172
579716185
150801950
631493087
268783523
642335873
1568518661
461373564
2137868454
782936828
1278299883
1579850731
770383246
1905294749
1976912497
1812720255
998564935
882131942
1846940706
1034900737
1689807217
1594853930
477639849
81407481
1747345677
862593901
