226879795
2003626534
1573500099
1267977919
315238207
681006997
56566257
957726109
1164941257
141716563
1064454789
118160733
1747199614
951464060
1349718058
1213492047
105046186
1158588256
2140304728
1371504056
1470633798
297189413
1563400556
1086403817
315704206
1740131938
533740116
1324384243
971169822
1463136515
545444442
1198049617
1319279402
2118944541
318543889
1634517609
652467890
375110146
444760070
1817409147
516826709
1509214860
1935569881
116542676
313195272
1137804291
1330034723
418241458
148908899
1322855803
1789745514
1619542698
1620045217
1205662423
558462867
1935749423
798310713
1092202984
1112650018
1769480535
407855851
1658094460
820046505
1727135253
1629555353
1138590394
1214169214
134539596
1513700540
1658929285
1951948743
2030527249
1020660497
1740034976
2147069925
1333855769
730355620
1329621001
1752097227
879264519
504993156
1394359094
351323569
2125038373
452537869
909786437
1913304148
1250848582
2001989421
878470518
872845470
262361624
389081330
1692891975
1989496878
2018636684
683998721
1056182444
5692632
50215613
567628081
1957641375
2080742862
1588288578
1550192704
2080329140
774660699
133064676
1262466493
379274279
1012329195
1767459649
1773633373
1363652765
1745014375
78687594
125955554
1510834875
1329536176
2127944975
241821746
54897998
242822951
630903076
1747789973
84836181
502056112
284305046
1141018626
507748744
334520659
1708646707
317906472
267779874
1149451638
1868099176
200625366
1924112337
2001163852
1463091859
155902968
866009399
1083067860
1929536341
82178516
680598587
2008223935
208134070
43949815
1190276464
188595397
285771561
1245174462
431418349
916674637
845480788
516254530
1418730750
1129785834
1657273156
1926479494
1464306494
1218436216
96902318
1732086368
220404206
1965001494
1932711734
2144516543
1818681698
1248319945
152935864
537207450
183904157
2082472205
619385966
864502745
1943212493
827520037
908452560
986005309
1016115434
1194224121
83696123
1447533783
2110898758
929176911
1963788314
1382145860
2058962746
1473577822
1161141707
1375785592
544530390
1258044025
960388312
764934596
1075561872
745616398
761967492
746759922
1993936343
914903356
1283967372
30356852
849891913
1903353339
894859597
645620758
583389728
1803312157
1631626067
1599505162
850052630
1715322191
899555298
813467741
497015454
715859964
48129953
408494552
41954138
1209271660
1784280144
586484529
319832038
597184808
1351419125
1395393910
1342801206
2113386617
2142153832
1189253901
880806325
1278637557
1219610754
1730698239
1034507248
2114470351
228835349
1617896976
1770298861
1860461417
1069918490
472867843
1428299960
1969473788
1286335584
1925315414
537850104
1334465538
186326319
579804243
396253550
1970606463
1166288772
716085588
420307624
370224249
2111479498
1763108830
336127219
2106149683
804879084
1216933544
1237303592
2024489838
800148135
124327192
1991476541
1028983485
1742224168
1614291754
741961254
664659010
2087159598
22777566
486649151
1226011534
1948092980
1024499255
412993424
2134419299
1604303498
809246975
1957542115
623108622
1525332563
230366091
993332872
1489328414
1993474921
1329460091
1447994449
650870357
398909987
537814393
527876547
1199058123
662141585
371869441
80557960
256882105
1986161195
822519214
921541115
1925837145
845296780
1408190266
1004365032
645906112
285205874
1417358456
632841764
1889509372
79121783
442900231
365134347
1604454347
673266322
1358467219
946299113
519257595
540443662
246809914
1170127953
939353649
784624307
1698004500
2138411772
1446765892
2069873941
71486084
1703647997
1908551489
894005298
477705464
1686904986
1739302078
1885895731
543786370
237724543
23617957
1961144827
870566307
1913127329
2040266610
1313466538
130778028
1497237309
1986732860
1489245247
296052774
358506807
2029688909
542862688
1528634760
821558911
1327486995
1079155613
812487035
626769239
1001545906
883973120
182933588
762613747
1777978418
660639053
302035086
1369796849
399051136
845821456
1607521392
422669093
659482635
330604051
188312774
552265598
1644070589
319090803
2049502907
1483319801
1808336050
198072034
1841826608
1690541312
740934722
1222977721
364616575
2068421718
154649686
1177103610
547707309
1156195592
2061076730
730640898
1918809340
1691571501
1391279951
73360778
913884702
1790331087
919182234
373922446
65516532
1578664870
704526497
253829306
2130930468
201113438
572920109
2032949727
1684433239
233772512
83538113
1378776199
1924313824
824472836
454270272
141446751
745410906
608919958
1318550361
1293118215
1765115551
1232143444
2023759113
1536441243
776231297
1267555416
1609802021
1690115999
910402855
381500607
2064038445
975919387
1960165477
621081294
1229748694
1943612297
822194732
1802668803
1829078377
359144323
2036441315
1912616490
1737920522
1813271491
589605678
44707147
1954718242
1335016584
653627105
1125784956
480651152
271259008
210444752
356926617
1807700251
986676049
1624482034
1270018624
529308400
387401241
1651519232
445863197
1363320629
1464201061
1066944491
445585675
1260329711
1889139223
100770830
941924440
100799898
2137212146
707057282
1838720420
1802999989
1296662961
1883427567
1610234584
484195897
389571025
588535892
964847049
660830033
798980644
1321773667
321046637
1785656693
798772053
1591065261
167481445
1186173294
1095100845
613344642
402010275
411818259
1680289133
847595950
1672147970
1421944708
948366781
466588762
1522744606
938095279
1173646044
1213981378
593611620
322825357
949925298
56362556
807021255
1339496323
644898448
1771868304
2000326356
1443879092
946158323
173889345
1082052137
1744930376
1764954607
1249533582
783620023
712571804
1862878224
1185630298
1124390063
1395683709
2033226249
649054385
670144769
834109382
1115643147
45405727
1772204661
141805544
1259387106
218332633
464630901
61828756
274695190
1271652156
1401325079
919593638
896036813
1254167787
215989083
1842195136
1428057133
1298041220
1439641865
1045528092
400091155
75778240
1758099896
115485731
1261408538
735006312
1511169441
1147151139
1384060697
33830562
1981260521
352220197
79236290
1605981534
494025741
1338623396
1824314168
958656642
1400452152
2099009358
82825151
654293583
871119348
978861964
1908461370
1087108431
673573452
1189034855
237666004
2113215317
87079299
637757159
41509909
1845179196
753242890
1302918448
432701860
116928683
302585939
1816762557
150759246
136362813
21499106
229995536
1742344347
515524847
1568618932
1419174867
1474181490
821587436
1370700577
1557006641
1475881019
94336278
388384957
1236858741
1181444709
1061958409
278409949
1419110713
1027690079
365489248
2056867872
1069199988
63184796
662627115
224634788
495886656
779555798
527220728
165165566
930315044
663583541
186664672
1160310580
258444240
702189520
581445864
1677619108
28887362
1403033300
900836037
1585894003
731430671
995172315
1974278960
1968289413
29133377
888753721
99215714
1448244090
1916443800
464704962
1357628315
838160141
527889759
2020255430
1062794929
1023776415
652327580
1590015657
1188941981
1582642625
106115550
1375606654
595469557
364559791
2077796174
1176915422
2042178899
2106683536
432465074
795531288
1545093891
1163895746
1790703604
1371889203
984701511
1819836981
113159276
1083917225
1120597423
2029603077
1548622187
330742090
720279570
2076511946
203513872
1783074499
952804714
855841453
1225606509
2141746695
291000430
1331722059
1369869701
886469987
1696281850
1300182227
2063385409
1590977101
1259382115
348366836
239024742
656992358
1512262582
2029728346
2028881561
349480445
1702081679
2142040838
1433397670
675195454
2024160267
834536209
1005937545
596956189
763564508
1209451417
232547040
1716369222
2065292870
1458153549
1710632269
208809652
642391961
933018323
1095279640
191190163
85716902
1011181401
1782167265
1345099018
1359548237
2021192007
2002091376
724327171
1903436705
1883489290
1073807616
1458034736
1878046480
359721638
2133230190
1754723099
1194257848
991684087
204195640
1957822356
53651857
436742680
1526707930
2118944727
1894896230
1089856551
180270732
389804543
2022874874
1275550372
580994706
2108591777
139248125
215678323
1306207147
1498796363
89386682
1160814875
75639886
1992823387
896820517
1149447503
1303374475
627383349
1509169141
1289121018
234622800
555943341
133321457
438818440
366282049
186973314
875561121
1892989979
158434394
622973703
835362883
338705126
1012778246
710754109
1614255498
1593772952
671862238
1753503623
1809451276
1978069385
1104816338
1898837958
991400613
1180456225
1744177698
1888221130
182420080
900068525
368120832
1691589221
41705895
602743632
100048915
175027353
1041562073
466330964
362000667
1917123194
211837296
520435061
392613249
1047200179
859140187
1405391495
1757954288
325912037
851680799
282332879
2079415661
513648427
112918616
1036748351
265002738
1104319229
69720928
2009180436
845056712
252141008
761765313
1213177544
1943730230
803471209
1815921176
2043779145
978498562
709999601
362626461
1340499229
479639147
574463757
1860934291
872252396
1621663936
572590830
130160243
1232134577
898502868
981841043
1514467456
830434881
1495489470
1627386072
1867183232
1760492208
584221654
1936904161
1622188996
1429278366
41561521
236470662
494972262
1985291751
1039941871
163409790
1881587248
2018440433
873409392
96730062
1211456014
1353048539
671193819
924906657
77817288
145374108
1497497488
207977531
1377508685
248516708
1189818574
744492493
1078951589
537824397
224394917
798651173
150832957
808616571
588071686
1773021954
90411289
629633208
2009492616
585383551
467441311
901950839
748793342
201544912
772907624
1622202734
298274974
1984363638
827767625
969468793
761786648
905584913
1114842901
111800488
1113562445
344867938
360317196
155897371
1089360431
1439268785
693721768
1313755349
90436310
844554726
2122371920
678507997
470093032
65299562
1308141205
332102000
650683113
1775582516
1234052839
1399476455
1977127428
2006960463
874195541
127918754
1843840453
1701963167
1097387548
458143453
460064432
64746801
569943941
1573626877
409614740
930261137
1729524249
1498975171
222046274
275762369
665246872
312482585
1120317095
640135145
990990582
1590410127
705434707
151648139
1922512127
1356117820
1927230655
1009081318
608110628
1756874436
868558133
1482306169
1884793190
564914939
1036785688
834697090
1023058392
1496850121
899443892
1593002334
922993350
1309058632
375779823
505033951
660550155
597826098
780796321
1325797028
910308683
1901113416
1965932173
1901299265
1344039896
523883232
2052947404
1119068375
1880001052
1832694411
2128149694
340628032
1442085199
849224179
1822934202
1179394742
1414139118
712236242
2014091832
289713863
61602715
766052076
1882716197
984596066
