226879795
2003626534
1573500099
1267977919
315238207
681006997
56566257
957726109
1164941257
141716563
1064454789
118160733
1747199614
951464060
1349718058
1213492047
105046186
1158588256
2140304728
1371504056
1470633798
297189413
1563400556
1086403817
315704206
1740131938
533740116
1324384243
971169822
1463136515
545444442
1198049617
1319279402
2118944541
318543889
1634517609
652467890
375110146
444760070
1817409147
516826709
1509214860
1935569881
116542676
313195272
1137804291
1330034723
418241458
148908899
1322855803
1789745514
1619542698
1620045217
1205662423
558462867
1935749423
798310713
1092202984
1112650018
1769480535
407855851
1658094460
820046505
1727135253
1629555353
1138590394
1214169214
134539596
1513700540
1658929285
1951948743
2030527249
1020660497
1740034976
2147069925
1333855769
730355620
1329621001
1752097227
879264519
504993156
1394359094
351323569
2125038373
452537869
909786437
1913304148
1250848582
2001989421
878470518
872845470
262361624
389081330
1692891975
1989496878
2018636684
683998721
1056182444
5692632
50215613
567628081
1957641375
2080742862
1588288578
1550192704
2080329140
774660699
133064676
1262466493
379274279
1012329195
1767459649
1773633373
1363652765
1745014375
78687594
125955554
1510834875
1329536176
2127944975
241821746
54897998
242822951
630903076
1747789973
84836181
502056112
284305046
1141018626
507748744
334520659
1708646707
317906472
267779874
1149451638
1868099176
200625366
1924112337
2001163852
1463091859
155902968
866009399
1083067860
1929536341
82178516
680598587
2008223935
208134070
43949815
1190276464
188595397
285771561
1245174462
431418349
916674637
845480788
516254530
1418730750
1129785834
1657273156
1926479494
1464306494
1218436216
96902318
1732086368
220404206
1965001494
1932711734
2144516543
1818681698
1248319945
152935864
537207450
183904157
2082472205
619385966
864502745
1943212493
827520037
908452560
986005309
1016115434
1194224121
83696123
1447533783
2110898758
929176911
1963788314
1382145860
2058962746
1473577822
1161141707
1375785592
544530390
1258044025
960388312
764934596
1075561872
745616398
761967492
746759922
1993936343
914903356
1283967372
30356852
849891913
1903353339
894859597
645620758
583389728
1803312157
1631626067
1599505162
850052630
1715322191
899555298
813467741
497015454
715859964
48129953
408494552
41954138
1209271660
1784280144
586484529
319832038
597184808
1351419125
1395393910
1342801206
2113386617
2142153832
1189253901
880806325
1278637557
1219610754
1730698239
1034507248
2114470351
228835349
1617896976
1770298861
1860461417
1069918490
472867843
1428299960
1969473788
1286335584
1925315414
537850104
1334465538
186326319
579804243
396253550
1970606463
1166288772
716085588
420307624
370224249
2111479498
1763108830
336127219
2106149683
804879084
1216933544
1237303592
2024489838
800148135
124327192
1991476541
1028983485
1742224168
1614291754
741961254
664659010
2087159598
22777566
486649151
1226011534
1948092980
1024499255
412993424
2134419299
1604303498
809246975
1957542115
623108622
1525332563
230366091
993332872
1489328414
1993474921
1329460091
1447994449
650870357
398909987
537814393
527876547
1199058123
662141585
371869441
80557960
256882105
1986161195
822519214
921541115
1925837145
845296780
1408190266
1004365032
645906112
285205874
1417358456
632841764
1889509372
79121783
442900231
365134347
1604454347
673266322
1358467219
946299113
519257595
540443662
246809914
1170127953
939353649
784624307
1698004500
2138411772
1446765892
2069873941
71486084
1703647997
1908551489
894005298
477705464
1686904986
1739302078
1885895731
543786370
237724543
23617957
1961144827
870566307
1913127329
2040266610
1313466538
130778028
1497237309
1986732860
1489245247
296052774
358506807
2029688909
542862688
1528634760
821558911
1327486995
1079155613
812487035
626769239
1001545906
883973120
182933588
762613747
1777978418
660639053
302035086
1369796849
399051136
845821456
1607521392
422669093
659482635
330604051
188312774
552265598
1644070589
319090803
2049502907
1483319801
1808336050
198072034
1841826608
1690541312
740934722
1222977721
364616575
2068421718
154649686
1177103610
547707309
1156195592
2061076730
730640898
1918809340
1691571501
1391279951
73360778
913884702
1790331087
919182234
373922446
65516532
1578664870
704526497
253829306
2130930468
201113438
572920109
2032949727
1684433239
233772512
83538113
1378776199
1924313824
824472836
454270272
141446751
745410906
608919958
1318550361
1293118215
1765115551
1232143444
2023759113
1536441243
776231297
1267555416
1609802021
1690115999
910402855
381500607
2064038445
975919387
1960165477
621081294
1229748694
1943612297
822194732
1802668803
1829078377
359144323
2036441315
1912616490
1737920522
1813271491
589605678
44707147
1954718242
1335016584
653627105
1125784956
480651152
271259008
210444752
356926617
1807700251
986676049
1624482034
1270018624
529308400
387401241
1651519232
445863197
1363320629
1464201061
1066944491
445585675
1260329711
1889139223
100770830
941924440
100799898
2137212146
707057282
1838720420
1802999989
1296662961
1883427567
1610234584
484195897
389571025
588535892
964847049
660830033
798980644
1321773667
321046637
1785656693
798772053
1591065261
167481445
1186173294
1095100845
613344642
402010275
411818259
1680289133
847595950
1672147970
1421944708
948366781
466588762
1522744606
938095279
1173646044
1213981378
593611620
322825357
949925298
56362556
807021255
1339496323
644898448
1771868304
2000326356
1443879092
946158323
173889345
1082052137
1744930376
1764954607
1249533582
783620023
712571804
1862878224
1185630298
1124390063
1395683709
2033226249
649054385
670144769
834109382
1115643147
45405727
1772204661
141805544
1259387106
218332633
464630901
61828756
274695190
1271652156
1401325079
919593638
896036813
1254167787
215989083
1842195136
1428057133
1298041220
1439641865
1045528092
400091155
75778240
1758099896
115485731
1261408538
735006312
1511169441
1147151139
1384060697
33830562
1981260521
352220197
79236290
1605981534
494025741
1338623396
1824314168
958656642
1400452152
2099009358
82825151
654293583
871119348
978861964
1908461370
1087108431
673573452
1189034855
237666004
2113215317
87079299
637757159
41509909
1845179196
753242890
1302918448
432701860
116928683
302585939
1816762557
150759246
136362813
21499106
229995536
1742344347
515524847
1568618932
1419174867
1474181490
821587436
1370700577
1557006641
1475881019
94336278
388384957
1236858741
1181444709
1061958409
278409949
1419110713
1027690079
365489248
2056867872
1069199988
63184796
662627115
224634788
495886656
779555798
527220728
165165566
930315044
663583541
186664672
1160310580
258444240
702189520
581445864
1677619108
28887362
1403033300
900836037
1585894003
731430671
995172315
1974278960
1968289413
29133377
888753721
99215714
1448244090
1916443800
464704962
1357628315
838160141
527889759
2020255430
1062794929
1023776415
652327580
1590015657
1188941981
1582642625
106115550
1375606654
595469557
364559791
2077796174
1176915422
2042178899
2106683536
432465074
795531288
1545093891
1163895746
1790703604
1371889203
984701511
1819836981
113159276
1083917225
1120597423
2029603077
1548622187
330742090
720279570
2076511946
203513872
1783074499
952804714
855841453
1225606509
2141746695
291000430
1331722059
1369869701
886469987
1696281850
1300182227
2063385409
1590977101
1259382115
348366836
239024742
656992358
1512262582
2029728346
2028881561
349480445
1702081679
2142040838
1433397670
675195454
2024160267
834536209
1005937545
596956189
763564508
1209451417
232547040
1716369222
2065292870
1458153549
1710632269
208809652
642391961
933018323
1095279640
191190163
85716902
1011181401
1782167265
1345099018
1359548237
2021192007
2002091376
724327171
1903436705
1883489290
1073807616
1458034736
1878046480
359721638
2133230190
1754723099
1194257848
991684087
204195640
1957822356
53651857
436742680
1526707930
2118944727
1894896230
1089856551
180270732
389804543
2022874874
1275550372
580994706
2108591777
139248125
215678323
1306207147
1498796363
89386682
1160814875
75639886
1992823387
896820517
1149447503
1303374475
627383349
1509169141
1289121018
234622800
555943341
133321457
438818440
366282049
186973314
875561121
1892989979
158434394
622973703
835362883
338705126
1012778246
710754109
1614255498
1593772952
671862238
1753503623
1809451276
1978069385
1104816338
1898837958
991400613
1180456225
1744177698
1888221130
182420080
900068525
368120832
1691589221
41705895
602743632
100048915
175027353
1041562073
466330964
362000667
1917123194
211837296
520435061
392613249
1047200179
859140187
1405391495
1757954288
325912037
851680799
282332879
2079415661
513648427
112918616
1036748351
265002738
1104319229
69720928
2009180436
845056712
252141008
761765313
1213177544
1943730230
803471209
1815921176
2043779145
978498562
709999601
362626461
1340499229
479639147
574463757
1860934291
872252396
1621663936
572590830
130160243
1232134577
898502868
981841043
1514467456
830434881
1495489470
1627386072
1867183232
1760492208
584221654
1936904161
1622188996
1429278366
41561521
236470662
494972262
1985291751
1039941871
163409790
1881587248
2018440433
873409392
96730062
1211456014
1353048539
671193819
924906657
77817288
145374108
1497497488
207977531
1377508685
248516708
1189818574
744492493
1078951589
537824397
224394917
798651173
150832957
808616571
588071686
1773021954
90411289
629633208
2009492616
585383551
467441311
901950839
748793342
201544912
772907624
1622202734
298274974
1984363638
827767625
969468793
761786648
905584913
1114842901
111800488
1113562445
344867938
360317196
155897371
1089360431
1439268785
693721768
1313755349
90436310
844554726
2122371920
678507997
470093032
65299562
1308141205
332102000
650683113
1775582516
1234052839
1399476455
1977127428
2006960463
874195541
127918754
1843840453
1701963167
1097387548
458143453
460064432
64746801
569943941
1573626877
409614740
930261137
1729524249
1498975171
222046274
275762369
665246872
312482585
1120317095
640135145
990990582
1590410127
705434707
151648139
1922512127
1356117820
1927230655
1009081318
608110628
1756874436
868558133
1482306169
1884793190
564914939
1036785688
834697090
1023058392
1496850121
899443892
1593002334
922993350
1309058632
375779823
505033951
660550155
597826098
780796321
1325797028
910308683
1901113416
1965932173
1901299265
1344039896
523883232
2052947404
1119068375
1880001052
1832694411
2128149694
340628032
1442085199
849224179
1822934202
1179394742
1414139118
712236242
2014091832
289713863
61602715
766052076
1882716197
984596066
2075110708
111012372
1489630017
588177216
708838470
122942690
1913974244
1619147153
2024056107
1732422769
1372962770
1220612355
108822353
1278426526
192197082
1988823405
963637290
172863128
181967790
258238841
1022087308
2004901992
1437633583
288742778
569654586
1304241768
578456641
631257302
2070293844
313689190
1615853368
1997920905
424701563
957999737
438614473
1133540033
1080942428
205105069
605203539
957514887
1937527838
1978166309
30643594
2046350191
1109109188
222840676
1887689948
2072746478
395703805
2069657738
183501671
1417791113
1927076082
1621135255
1706533891
349247021
777893375
137506885
980504323
700703571
451196075
448874043
551140828
875897638
1406873780
989755301
2009437672
340332560
1194860370
467157563
1297847447
984904560
297840224
1328491041
883771103
1406949412
1551331718
623977404
1332212242
1947035523
546151494
1515713914
1217342988
325743929
989365521
776393231
674990950
1767258896
913900116
1655495273
320478819
1365096192
2104369316
871619648
93510182
1363759448
1861374949
2102947854
1704092009
908751672
422621769
854455808
1893656232
720461994
35463202
629943688
2127411406
1586794920
1253921092
1312140001
1386346795
1800072586
680370267
456206135
2125816515
1669735788
1232599366
653323817
1289511036
2146499483
161335442
1609989855
1364112027
118221110
334125855
1457622209
1481980559
48017157
1413086416
1038588920
956768829
1835708185
1893044728
702941413
408686531
1928507930
1332885101
388614290
1367819202
439322545
1700754291
606682349
91911484
233640910
1062888484
70244351
1903376698
148004203
723568169
1045404086
147020038
884903611
507910293
1511132065
1003124722
842036149
821270626
337621633
890053306
86873394
1376210553
1846822135
1922581580
1121771633
402279900
183784463
902795916
1735165002
572398753
123131470
27003899
125669396
729813820
118915383
359310306
1792702304
189159735
115203356
1940706507
912727904
1160607442
2087726545
1797631515
1668517736
1451374962
653272589
363070237
125161941
990894222
1253123543
212035335
219621127
952462030
2134616915
1341392761
1354741930
170917731
96705029
942423284
743316484
219836499
969427184
868985881
949650319
1088342567
1228296187
594868976
1277502302
1343499544
388091835
42746558
356623338
328334733
1840378074
2025141074
1779709695
346167015
240727663
1904871636
1337061238
1493851206
2116906972
1556682365
298829588
2104040239
750591478
1653571519
127474322
847296507
448511155
870790807
1067133007
1417938339
1739776688
2016783326
358797259
820589227
464168654
1636299561
16605123
852260490
1679046120
373228462
1180595223
1371940546
250885888
812821270
1718107561
491613552
570209259
907685151
1985464758
539632583
316883869
136810699
496189174
1067475347
1790382218
623663497
1914771855
91409725
1494454304
834421214
1509348065
1086747344
703720892
1868145324
1907336571
1167889547
1356961237
1923941695
2020150037
888523709
149686509
1053261612
112980607
400572397
1866082882
1831088169
892185949
288808493
591289672
730167060
828441076
908173541
866977759
1324630251
1975648889
509876329
1948293748
1742937096
601286054
1295264404
429874662
2110634119
234528100
1133595554
1831295795
2141864671
154001453
1040773385
1918322718
26667842
1929297094
2068009227
1079929454
2042277702
321097977
798528689
1725882223
1213283926
1087337182
169688247
1943450986
1915778259
1077861789
662945097
1092924862
906027030
1172821426
893734962
501480478
1774107481
41515718
931355140
1737257952
276043818
2064950694
1421070100
270424841
71468500
314359837
41263912
98136342
96173283
2109273139
1178065797
2138450985
282887468
1976594486
1716849560
1496171395
916448020
1886537808
1292138733
684742631
816915949
1955083831
1777667493
1722942979
980421609
523918807
76939809
607045442
565434525
1008294949
196819747
841478343
925761995
1617889847
1111903185
997230495
1932249684
1153167097
1095366838
2028422967
1114956588
125948987
2019390305
1397844057
2102543473
1588756217
746531804
871507845
1327810377
2038670537
1556250477
2144726326
1846270720
1186434322
1720185657
679208682
1710353130
1797125466
1286254124
128304007
657936767
1483073871
969782351
1583698763
953480070
2081685536
433445610
738246106
1087368985
1528812448
619185426
54841925
1654761435
491092083
1452685982
1609821260
2079848300
51734138
333845458
1260175030
2090404676
1890095935
1257417708
1789191748
929046609
830119718
320916782
491916091
479761536
1607170907
620220099
1137698304
942761130
1590002450
573913419
1896241201
1524204338
1007359029
487003659
464089675
388687830
1106189085
518931600
2043449265
1597281168
1971617583
1505786878
1529645821
2023351721
1839632336
642337203
1966272749
1582244623
1899754911
1607980850
363807584
582390981
1928897632
855723676
1062152518
1388584891
1475943775
52367174
183862374
918462577
626280593
2080103575
295183267
1633639622
419623586
759272942
2022327452
1525812672
1278204542
1918293070
975610192
1102338477
1276596300
357772365
978206551
968744988
1000109568
796995652
403505963
752380832
257492854
767313547
1334771813
38906839
1623037223
249440683
1427491730
951497350
301807857
1611354104
1869959927
928088450
1543974031
17659546
414244425
1963597618
776932488
289088229
1341926642
2055137031
59897651
170053186
1009991860
1336493951
527825552
1988198411
157755291
1527935120
637710416
561261254
132832304
895203270
1328574802
1467604118
934110109
804128377
1717044801
214118192
1755625728
2018852659
1825472296
1478102007
799457461
1221962680
1495761554
1213701886
1038076650
125210394
1502790116
232519644
32863777
1562687767
402572830
1042855638
751698071
930398382
883570401
909453362
310849855
1521280817
1470714617
443682159
269000440
651805771
1911286277
1203110549
1455934148
1480847431
1417228741
1064076228
1352216442
1095217390
394694588
4190255
169696422
1890456142
1217892142
1207773072
2015666536
573198610
1440292716
2048530314
2135886377
1842865546
943902304
740100800
625780281
1827472705
1649554163
936630136
1201269875
972785132
1380312295
1470270315
1624590903
1144114925
525897216
933041403
477478708
1943125958
1997117632
1829695150
890859700
244328572
1833885405
1060556122
2134784714
904293899
120845546
2002967602
1477492509
1561138262
1904014268
1465895239
1256520160
700432924
58512391
1882300441
380421982
1708066554
671446929
1581691857
533368038
2051759225
904478524
10475293
1048390502
1430375740
943516697
1525869210
1226018050
793150681
1208080712
2116877750
1037479253
894482469
1029950224
1024780319
1798776369
1150795770
880264273
1128785230
564450384
636794894
447196821
1820970545
1337227818
505709213
1555787338
1717649800
66292119
79750620
1151858009
599660158
2131509845
2056336533
610135451
1032416699
1339228626
1553652148
410802261
417763028
199319181
1618882973
387157131
1236798434
365881794
1417107355
114095105
17174515
420419478
994359379
1145959746
984869862
1631154273
1593156567
658356759
820898443
2098865780
66660450
391064596
17674252
146411070
1542922605
617334410
130437267
1451775491
1227469861
1162853966
643520469
633638362
1573656227
1061283497
832957543
1045055552
1448440628
2069755978
1410937346
718064336
36367435
1428111862
1138483814
1030726814
426587960
2123353676
514397439
2019744527
634226788
1335295883
1971126660
700887238
1726360479
1988800912
847298308
1121799436
458651674
977735575
426091279
1686121535
2140589541
1069611748
172276249
1566762120
2130895246
1005233793
464334024
1431852226
927506123
1875271370
2432914
963873558
1155899584
1140916728
1994600373
1582487544
1116786757
361514164
1454748424
1751013545
1696810047
1278391436
304417135
1275686878
1119708700
1151715443
250002667
1578360374
2129451018
676093946
1116998261
2122556911
1745705695
1289274511
1541835383
1729117293
147024656
2006169407
1013485871
1074530779
1733957129
1015918786
2038404337
742373066
9351866
1885521062
177376962
1126138623
99551579
1632125386
729668520
1796361626
763033174
1034085655
924564857
1882741874
38317450
1174567524
1313618600
20284820
1850661470
283133214
2142841731
1448883517
1572407725
1537193466
1030517162
1719432381
1395879225
2044003034
646479512
982352707
912438172
537400201
1724725773
921790038
275437616
1902102735
2047928662
374989195
1386744474
630113534
23867173
2294000
1664199190
948432030
1885035875
1702516640
2122999554
1051170827
1722801461
1826177377
1334304041
1718159544
1127577246
759228118
1107869363
10610761
331176851
356264940
2054613795
977656363
1338617647
819568319
1515056565
915859772
1741358357
1790494181
670478860
1641803371
17999728
2057223334
124433258
41866901
2059517334
1788632448
990298932
1797069561
1343665440
965814838
700756741
918983253
644508567
2035060782
489659150
1772085814
646805253
1597528513
1782696575
977982104
1953793453
1689826722
1955638468
1144927453
361911393
1323211385
2060787225
2103269750
966221918
583782437
1597589474
984221646
493522123
1722022732
1026088547
405555810
1363171532
2016387479
55141723
559353324
834718670
755898464
1478336578
1479227237
643475599
1967995728
1103829403
1290280852
1418040593
739042330
120779308
1224350398
281385404
2076417776
221794203
643296797
1252145513
135097781
599082900
70883783
718880218
49188726
1055105429
1212402342
1771211458
2081193977
1617958152
986899342
1950097808
1673099875
1546252666
637332830
281514692
877105596
2116560068
924990291
697617676
1072905823
67787495
2115658269
1811948154
188566803
1192525020
2093333558
117500932
1414319223
589146708
1369646445
1549417004
1188229608
1440530229
120813575
1237418334
348152010
1333215917
861146144
281862339
803690421
1848045486
84476500
329306648
1246814504
721809330
610821340
2123920101
690885750
1535811631
674054129
1763791574
1603599126
642228751
1428256080
1792165930
1834753771
1374105990
1909666862
1101589346
1963252698
1131829659
503522703
1003998658
424876240
624336278
93933344
773028251
1957552195
955079488
1054890590
613758968
655641326
1139367090
943065616
1902455831
1861176421
1553886957
1878892284
404578523
942214940
405462765
20886449
398330419
1047691516
1449142529
43012701
734961639
675764872
1952679563
1836550986
491533922
937025574
192590041
1495532581
1361901815
816926319
1589465925
2134930066
626994866
397061766
1042337008
1240753834
1052703092
34220451
36335802
807675275
1895396872
1590222759
539083911
152491747
384954052
944546677
173378197
783284471
1992238193
1622520726
826297172
579716185
150801950
631493087
268783523
642335873
1568518661
461373564
2137868454
782936828
1278299883
1579850731
770383246
1905294749
1976912497
1812720255
998564935
882131942
1846940706
1034900737
1689807217
1594853930
477639849
81407481
1747345677
862593901
1025954158
1920723874
1645878372
870708703
1395760953
324691896
1450424888
1546562903
956184983
1719208411
41415128
377219996
33098327
31799934
1160156825
1311398210
1611650666
1930540071
1069209311
1441079515
1595776678
2067774246
175727809
1295233736
955191336
1865535027
742604018
1432831185
1946942508
342466048
147941438
825413018
115706274
1793819810
1696121721
1511467227
2118511706
999062962
910546483
927213041
570787725
951961611
1304433037
603886053
983761546
317106214
1915284263
447928564
100162638
837009927
1889008079
1695939316
757300525
2064735889
843689405
1712491861
1782787268
1586293423
997839398
1582246128
1928759471
1145780836
260175498
2044465746
792116998
1956297219
1408449325
763145056
807876533
171512160
1690358097
1378664259
1123473772
847307487
1982550312
2107235318
1164413701
1750350927
407680234
1264576339
439877206
149204665
813032008
1197177732
66456906
1656721413
762185945
1849244174
1095531188
1760025344
1284006654
876807012
758322532
1544182152
773789110
1550439531
1352995724
34754787
166100939
13388609
206266948
1856459037
1392052868
1329740720
556282876
1227119532
1289492390
1720696577
829986812
1697172624
837789269
1269864018
1846377289
1650821277
319558102
1912834196
1160059042
1081744048
1614594722
108106582
694285744
751117729
984913594
1452608276
147816233
1758702704
855564159
1500811957
1793457492
1021665099
1514200567
1999724440
730640488
758769787
1181981512
1286923364
1985889320
323990254
860136293
668392484
2021162878
1697925562
1938256502
1720056519
1201263191
110330957
1485407067
213838585
1192075005
952518142
321945168
1886360749
1703635871
1306858762
1191485377
1851452104
918077819
2047049537
1204780414
564051663
921230988
571497333
416292455
1651871476
1330267120
1598273967
791311192
1168672792
1922264221
1651447485
1837065276
1795943451
1201889400
1627838131
1368516322
255668943
1738169088
706439742
469507529
782760445
1658957884
791452697
521637546
1215110107
2098311459
1713122923
919078563
868905630
1612688812
2123858977
1432957293
386436152
547872662
1849249748
2038307628
1878139783
1300040067
682135172
899328927
1074820640
186099010
588910556
723280443
1387988410
69265039
2091796766
1643657353
1807434127
650752860
2113164882
442710924
162227096
757133931
964348470
1377337203
707961743
529987745
148932118
1576867373
2142676558
125307448
862341019
381629062
673180110
564107119
272453043
403836245
1864147187
954588215
1303165173
791484179
1140687225
1892075729
1514764623
381191987
1961340768
1459077741
2024849341
1621291247
2109830601
1990530575
2064002171
124574049
600180859
880866993
1501911252
1308142602
1410854738
1650843370
737526327
1406047648
1776150818
1599867346
1787676711
301847281
16490818
2060129754
705683526
1880638005
867234321
2008848699
524638536
2007921547
1753440780
2039403159
241629886
1567297900
1350997252
118995579
1041105499
1313344205
2109526155
957624022
1437918254
562223366
1838491015
792345858
1870365968
1101862106
295705581
460408647
360426106
2071856399
2060275994
619169
226220032
2076766812
2060748923
931903559
1809921169
780499597
793268610
187076057
640937496
399225743
78995569
882567382
1966523643
1429992821
1001562962
860145495
595853379
963605469
1817769517
2033771633
1525828835
1508776885
678633844
1248711155
463155343
974339425
1709119802
823581449
898712176
1621912148
824200619
1124932209
1551195312
737465894
2056835768
1213632833
1517965491
702620730
1400708891
11419339
1101846473
1479704460
893986722
920886469
762213633
1895549684
1781031964
1358067012
711671505
1451317833
1244354998
90016692
812611070
1922988842
1338727847
1275766413
749844619
900364001
2099347863
1648556795
374792502
776064834
626005356
1925987814
1513530728
535357476
992137000
884012572
1237978207
245362243
895431911
192341032
1725066703
1789418633
1113227501
339796688
1537484669
746775817
1697863701
101672526
50610003
794735051
191689218
863221073
570240245
1530417065
2138987487
1320084864
283297419
2090851702
821158011
658089921
719432888
1447163368
436594087
85479968
1982520844
1428731087
969492540
1073015403
1674093330
1864924452
1265356436
1251676385
1506859437
231100289
1591473074
896860459
977876107
1141853127
998532985
1028486110
1936588178
1190222204
1891707183
359344775
573155621
1883211022
1679429639
856453040
1826579076
353104002
1514542961
398528316
1800267370
1951137049
484008285
1635304567
1232384488
1453500825
560836322
758994171
1170941629
1826192758
2010670556
530317419
2057293048
1454659982
1427177878
887685507
449029461
278227215
1916171617
238133991
1468449419
1660395152
597478766
2041605041
1396122527
129424757
750574433
1075217955
482528760
117633747
1473746272
135312482
2068770796
1957754557
1770617049
1153671636
1263771734
183969724
1912665807
287229716
2010162482
1775852716
817547135
1919971882
1083029050
97241365
660173741
1532058512
375468580
428861710
1770192503
1843918000
2089256863
220187622
1738039393
1337895742
349612379
341130178
265630049
832141139
458763925
1739376321
967453622
380051073
1549647230
590587023
1533722710
665935317
774556747
1298904869
953165033
637235582
927273937
1770712168
409723816
2010302988
1867953533
1069897558
1394877852
95938465
1498759268
1017586707
1939856465
1440532483
1237774329
1530412210
630944577
1587386709
1871542389
896574627
272044200
182822666
488467300
1239497822
562873740
2038114531
1830084846
2096596450
556566200
457157945
1248017671
1509731233
1094393527
27807961
1132959753
1504117344
2038110949
853429638
426531254
1285505153
949368103
1925290522
155608212
741740921
1218339358
1393382542
124669483
1849283935
833285603
1996211872
598374914
1105329803
31550891
1086842215
197343978
594424631
977473098
2027428824
543537433
1534039298
337103121
1791555104
896286883
1431496649
1819363065
2029246636
788130345
1709990366
735192626
1214661599
848011871
1684560729
992468473
1003620084
278818002
63324183
249518978
403487486
1912608119
1082804581
252215710
363499385
40650736
283766601
1450341600
237994714
878191232
280331050
117939890
1421728665
1814370348
455043012
1065800122
563173583
1886539661
737679539
444936571
527186358
300186258
1180129197
1741847957
1148198129
717206279
586832782
4334565
996024281
650156966
253853543
1399511767
415281437
1336658124
1651727478
778780822
1377308861
1935494079
81638775
1615303575
666201664
361969825
1733243466
2087930329
28856526
40802830
1006246803
592030109
1927342491
1743926343
1036966681
307045201
2044112601
69612230
2048893158
1044827082
786818509
488242292
1049161648
1782842791
1138399258
1303015191
1034870910
1553680695
492189668
539114740
184977870
1869498529
327125172
266616645
1337318456
993326836
628586470
923078274
933773517
657442996
963881104
1940020321
1249473106
743739947
1536463016
138956139
1050785148
1433091969
208568369
952194658
330435403
995386879
1440436951
1379597051
630746022
431352561
535128595
1665616932
1985033257
1027318263
57248025
22527479
749333144
384373197
289144124
2086651600
1377700033
917730594
862246227
163989902
1575173591
1826127331
2104010223
677163049
422383631
1492989591
816119188
1473168779
778597912
1024687557
277879790
1109033316
2020074436
1718316741
341146719
503336810
2185654
876275314
21470095
1987218911
1903593577
78718120
2009746390
505443073
463091317
151406866
444611026
1840791350
1069137461
1306857253
2004781252
496827404
985500936
1961307828
1173990453
1407884567
1306813771
1990109641
733569699
2085411684
867313550
1011449489
1046961352
739904339
582282582
1388108071
1243241149
584468236
116899738
1264711244
424203500
2020493315
1343429364
286466242
378452741
1806520681
437873109
823063767
1499828383
1507010570
2129921020
1357125988
2003837974
967938308
1170950168
1030344779
228339228
330280291
872970772
961908927
268208327
1740284322
1973358416
1315169679
332705013
408157350
555794103
1575946163
992625586
672693841
693173759
1416829086
545703508
2036603124
1703295329
924156249
1695640157
2141168438
1747220016
1047984893
1500695360
1729657388
257627233
1357049686
550112049
1428577401
239910817
778451277
1758857692
1112881589
1740360204
2027066020
705682263
1566234972
1194752051
1038387277
1974392322
1750546154
466849792
819534260
275756347
1160023551
88879699
821459856
1049143027
1792175028
1745616105
597299537
1785859818
1345352474
1645284430
1139071530
927526214
1902911663
348637568
1477638263
1184005416
588548385
108605892
795379460
1701429974
1848966096
674961832
259628589
1267717420
1869713884
1298015866
1094626094
1472776390
1764865658
1914160355
1748532738
777405562
2003040054
422508946
1826548589
1647731434
20641403
276364478
1286107604
1365993877
1921648908
277695486
146036444
1677076923
626333054
1623674707
713598691
1214881439
1732280600
1508978152
768827765
1433763048
36456336
1028456354
553996821
1906170220
178988573
1648622915
1231462963
1943854231
1415299622
832512053
573776145
1270856028
1255020999
252841087
771103814
1275662402
529205565
2057211418
494172632
303370826
187423256
640209076
1980447749
813756310
116400135
546562793
2028637749
1848680735
2055540945
649981866
1134960136
2091997281
1678438221
1688956957
1850683854
1857426794
1190096224
934663169
1653797377
457912199
1767175222
80089875
1728768227
874712573
332930962
352388394
2891327
862136527
262116164
497063959
1165507353
449539421
1137273035
998471455
1263295731
1253673171
1545034248
1144449833
954870258
1453091545
1794431699
2089830394
1397605178
1325386272
1631303703
1100805384
1035329418
673916280
2035468553
541643148
1131828479
1655160127
621733023
713113058
382389052
954663985
1065501452
385280380
1816800512
1327617617
882344339
834824218
1777157038
2019617375
1833295673
892969121
1125806898
1230846273
2037418954
2080677156
536454170
1684367006
2023023903
1934059348
862269630
1506843958
887381085
1897599049
33276590
775365990
291758549
1165105069
283042470
913491572
1878218128
665431522
1868155557
796235932
1050711902
1537472421
2123853549
1933056242
224812991
1753526939
1805189969
2058108664
499012413
783513219
1141471289
388947719
716706727
1677925459
2073314725
592246982
1464501160
788100708
2099090941
204398597
538216109
2132367531
979764587
829974658
1149988953
1262807057
1743466230
880723433
1928238580
1464138139
1676959365
831466834
854126912
1653329267
617039428
1078939904
1259372558
274745749
989564920
1758384971
1058258968
2131036210
2147332691
1774965696
1661478021
2073163768
219729030
978495533
713780828
171336323
1182894130
1251996937
156220207
15175070
2081971595
1306209160
1277982127
1677954177
39448945
1058737059
994608668
1716408310
1890203894
1848735581
1222253929
359759674
780191837
334142840
634505424
1769756757
2092527811
1692764392
1753309319
2092376854
1320246440
1267303693
2018056975
1539975471
98315578
584354155
1711311794
1281209709
1836351093
1867532001
1296384779
1770839040
1026257513
426883258
1301309570
1065706458
1485620318
148434590
634631121
1228340564
1997170171
1856885050
1588100238
629878360
43544242
75122014
252151470
2136072054
1767886407
2005460789
2080965260
940649199
1125280834
1951538587
333141022
1223596413
388409095
2044452817
357322474
77276540
1764501170
1653707253
1848115580
643275036
2080590511
1001941502
1708981494
1418727181
1150376093
196128967
499584097
1000062616
2053014018
2087684336
1629940977
2096558260
15322702
1882092447
2085146666
1783209109
1740069588
2018628279
576374661
717866775
1822683218
909515683
1941463188
63608665
806484852
151302014
140885205
423502375
1805009267
1989000786
1066777411
1738116130
843458640
628275257
1009359664
1993834733
824404225
1508943761
846413702
729934595
1449144449
328871031
679009207
1464467152
63479830
616672226
1100192613
1803549418
487816857
1676567274
373932545
163016427
438599310
167912085
226625093
1245084162
319214099
367510298
1668586537
2124223366
209027436
587880300
1714855849
1052486077
1216155558
576731865
898837162
2040559783
2085675626
1745250864
623010730
1387336428
2074121895
1302019937
704319932
2137601725
1918692163
1804512545
1793667496
259025372
1333596172
20116393
422041800
1772195482
188028479
648666893
869795996
507242578
1016177191
390898886
483982297
1225204628
978779186
51354498
130207057
47451096
628086363
1029044219
2088010879
566278341
626811436
563537961
1953614769
553449683
1865557899
510451053
543567761
1636766414
167479951
189751609
1895791787
1501076123
209868002
170349939
1125787957
397896481
819016832
1995583953
905139060
1835194023
238999191
1389121357
912915003
1217778378
1440475855
1043122060
1265229474
2068562218
2072166280
1205756706
487356911
551494068
1769294667
293488033
1104943751
1487368918
803939086
1648511512
976651685
971419037
1838263121
724959824
325011512
2048131124
895309763
1450799469
298543957
1714326595
1298899775
1203683017
1402036970
1537898966
445320726
167468326
608193696
1885796581
1210590386
1873423171
1806875151
1135273018
931696229
146748415
1686767086
553507248
440236448
644227190
2040876167
1244175534
145255054
870044204
68110924
1983518176
1595004028
393122436
1884165652
342830143
1843921906
35225961
2057156738
995338033
1238908979
1311710060
385753351
1684229705
1479178386
993947048
1422542639
542285125
719886571
1081934142
1677558143
1651582800
1228682557
1216841582
57606400
1668919005
1861068772
2098482567
765610892
2006323826
821043123
833721816
1842358354
268563503
1226844252
1579040358
611393646
923282510
1614266320
521066736
1918620543
705691651
1832776797
156890247
242437708
1164471535
1150837295
1664980347
1706756660
1870723866
599430842
1236831156
1374823018
1828113399
306189090
1432429418
1349548757
19774214
1383428338
2115159649
2026098040
56987813
801397817
1720972747
325551317
2028242069
1152529457
936944963
804040932
619312129
1458011700
575177827
1325003780
1143304849
732068074
1567441489
160292736
1882905369
1084938188
1867049397
1606145587
1684369030
956396905
833484957
1364998782
1262585995
118430728
567063891
1282360209
1501859066
534739892
1160974601
1558846879
1336137709
734463700
1884398196
1216896130
1886993158
673859512
2020937062
358821639
2131871212
448631242
1683825420
1127692413
1180699316
1103783261
1287985149
916121038
41237801
1007550898
374782977
1725606832
1963947803
1208267935
943121966
1079050150
1326698663
1510185857
213926711
681074081
2044925749
1374901313
92437312
1233579810
2109365013
1976835509
302992292
1848874523
503211373
176445707
60212515
487598937
625076949
1744037935
1615291350
1805776265
700337548
755792851
574413655
741575349
1763343750
949196633
319698533
1579807905
9980920
1262820499
511374408
1336679583
625522708
725301119
2017753664
522964809
2100202432
2110190976
1756544619
2062083798
1939542837
2059536912
1763474673
295270562
88498971
1823687188
782869499
713575920
1420241475
250677201
371868537
2120579023
1006470053
946282193
714670725
622330155
1895478826
1034369258
54654412
1905459746
149706110
566028820
1094655681
775228818
1291329940
964925697
1298193628
1244048724
927633025
907254599
1158648874
719692215
819307863
774639900
1014962777
907806834
450843440
1797832277
1621382754
1871084916
2048509478
1993251292
1844180291
907495883
792049837
411367368
1529826038
540045015
1445736627
1584480451
298021113
1595442737
3025623
1392676794
223187907
1294355563
210118843
1521381535
390920640
1137751868
281152487
1549569514
1857444083
1100460350
176725766
724923213
2008267185
627569207
375271842
1482166291
351170475
276297672
1327933935
47867118
1183793556
2119983772
459234487
566135946
512545139
1904971114
3132749
810566252
1352930203
6158373
55759398
1576118110
1300513936
265878241
950015998
1691434576
1403630110
1231168485
1093520443
1113590545
184145187
1270246209
1838513758
44928724
1897815416
66301952
1527095016
101502243
342599625
707545303
149369362
1526393181
680045428
608603849
2092529127
1192590567
366091315
2095661877
2003156820
1719021518
2101820250
2058916218
1147655980
1254850538
177310812
2097671978
798801467
1580940922
1181356815
1892321910
547047819
1365502003
1015084471
238077930
1410430727
765416240
304379882
790042095
866918483
646979507
1497587399
1016287845
25889040
30149179
1624891694
2118418168
1222739746
1990983009
2066596397
1078412918
1562520879
2020932999
989845489
562693212
1128299889
1167156301
512881542
1927101356
600613575
1694238358
1671939618
1147661394
912256713
539540442
1385739324
175203792
1304956682
1690119207
965245888
24391517
189615066
315349639
1040679363
215504107
345498818
518087409
186438627
1568238564
361586771
105551376
499167835
1924107650
2126484375
1489013324
339317214
1107300616
508685977
852198757
886918325
1109299552
398953467
411374295
109477298
1311210180
950914737
1495216623
1486413972
108387771
1037852182
304176212
132779289
1227467248
619525851
1173458652
1442971355
965024669
1691546061
1629409982
385779586
2053132832
1734961358
884947421
1829756835
1713962085
226477097
21590401
673779054
735163074
873789158
1560697379
1844462626
1272742625
1972071674
1953939924
436469157
775502764
1301672899
1922883130
883890535
192041433
79575694
1016669824
1419508682
699101546
42644828
714996389
1664126215
1734190890
196922724
2049905801
1639840074
1931884082
787369574
1322113261
1498362520
1013846671
1343703663
24657926
1749009745
70009173
1585355305
1445988723
1342751799
1409943331
1252445000
1779220956
37962447
406634251
1554620438
921852983
598675685
1634196133
1938522807
2018184367
185814031
1981167636
585697108
1849940246
1567874878
782619832
1752362400
1060231304
567020267
392248326
234860918
2065382787
1406094998
1578564581
2090040713
1007621095
1648573754
1527912370
306126171
843841905
790372053
1558571171
475579214
828334501
1965205422
2030199652
1750187484
416397459
1516912137
1541226643
287098178
1702726168
1374910631
872795287
1405182767
795301861
1655415119
1010061519
1855533166
74951738
1402309845
2090394084
2140334525
660921195
1521475017
2082891590
1668542291
1022565123
1463320312
1974668462
1866407029
106208718
1385755985
194502595
934543219
1203477759
77218599
537247055
1619875219
1594130737
2078473698
1906973397
1149373257
1305900682
632285036
407072376
2101202543
140216508
1417133895
1809252061
215168246
671960093
1752162497
208019124
1332881288
1126153866
143427066
853939931
1235342
1606747379
681124745
1867642371
1712956097
2066880730
2062144966
500015668
1122874842
2139363565
1037262723
595266413
1586010654
968252773
354756162
587900264
126669807
987041199
994972640
80388703
1127257707
264622888
1889640764
1342425953
936582981
1494319614
1550445077
121980621
472989832
1693872144
975920553
474225174
1153135875
1657045298
194383897
718608324
1576442381
109045215
1218623992
551833575
100925133
108403067
1147099988
1686935787
1076655840
1501856150
127352403
1203325648
341413701
1122325044
1283714351
1468671408
1386947932
1025871467
663613714
176047265
372707433
66575143
298027886
845697266
1760447287
1273948439
1319922440
766099514
783510090
1514306338
1484707838
212468823
1623351553
555848182
764302398
1724276686
664251249
1911402386
1263728826
1740907090
1265774888
1391081229
796749090
1607188590
365922625
2080463441
928376350
1752870557
958851260
1591990064
1928917822
1331558694
1658565208
79462061
29772312
1271528847
1353410500
1349694752
2037628362
2136920590
716517442
1374852552
201905765
192385348
1930700735
966208163
1916662034
447468336
730126901
1032907212
40891778
1995901790
276504794
837640868
1455606732
642427419
770620661
236499434
247814329
1729471922
1828489499
29248503
913546968
1339571059
108710564
943319280
463616258
1462121065
145530384
353760972
1451558007
862047827
1728613525
1653463773
1054433175
1511830612
472188288
823611561
1959298948
1202315190
1856518774
2000190727
1050733332
2133023568
690347947
358856416
627967339
1460968609
595355850
875781668
1042956883
276361701
905030172
1956503851
1615932760
1013740736
752339483
2079549019
328378153
897869867
285826343
1779936161
1759917694
2014439868
1285916286
666867221
1378786832
1758104574
1490478783
1190602133
812936116
1199513909
1043309212
1863669448
1185053829
1733657159
75042216
1813021168
1047142120
670398067
541319189
2090099003
946759768
1446349361
1899119206
415208881
312606449
503975041
347274252
640984603
1401844909
633100595
273437116
1014278955
500056816
1559353402
1681146177
1878843648
1169974328
1024141312
921962133
1982910445
76171573
1965271345
1699096245
1261225402
1551444857
1774138462
926762922
451103329
297052881
1468082111
393718685
1243812649
766947824
145354243
1659021530
1079554274
649329285
2006295782
1720538877
2051174194
491912730
1993975993
917969501
991969546
1405845747
451632030
723329546
428336427
1475773342
1645291680
263763224
1551944915
1463079377
1962859470
665686669
867040586
1589514284
1592449592
1318143916
1886567165
913048055
1711862601
982896166
1679995880
1857216844
494434049
612066506
359062481
353246183
185121735
262753027
845158913
31614080
1180722529
1837128459
1437459827
1632354559
412974358
1865796254
960644254
2058266038
2129559479
365105521
1373861767
1944935301
1030792191
93418706
1386965937
475758135
1411562622
1126049454
1388806190
975941575
2108945620
921318422
685674771
455896021
1533384928
1044737253
809142205
1718506663
1307490280
1654301118
1750120743
340729161
1343945930
1040096922
1973083721
1756920288
758409529
786244327
1667702678
740485360
1151349848
894080797
537937013
34658391
987499503
1924902950
510416526
251578477
903468756
1899222717
1227520052
864930728
673057491
1913194824
1320826750
58958772
810448429
2129968955
1777465435
2117938709
1636786425
1380102531
311184223
833248707
272715805
136784296
442685347
1031125334
923028623
2110388025
1771610694
2074378471
856985175
162064059
2109036863
1844484678
2086967009
471969741
2096063156
842952117
223708810
1176099560
1707882846
896766302
941810736
881225948
955725074
1752259165
863711255
585706861
1722714227
353014032
1965809392
2033898450
1186262740
91041550
23199098
1628948087
1122166884
946227721
1591852465
746293931
873122544
301353992
908357990
834675759
2145838670
847841352
1306645501
2094418178
1690793469
1530354311
1123034091
1251192667
279636965
2064844827
2132418615
1235362039
1669620345
848646222
1821068901
1244850924
1201660255
1639394645
1131265726
240439347
1730436195
1154464824
1869387434
705119432
2100692545
1313756251
1451413363
826331441
1615110243
212287705
1661007201
1613465266
1060129057
820169054
1560399796
603438879
203039717
535950239
1854631546
482676683
453311419
1839566514
1718038722
2122931764
540729088
1391623975
1220299040
1742389343
883534973
204081118
1982828690
466487520
1358545942
1704732477
1171606952
1311754839
871005080
475536667
2138086280
338631676
687824373
1651609833
1952096942
1747953430
324295239
1365013090
203908661
527334957
1900963330
2058540208
1010011640
206791101
1750623074
580566714
182239217
143868514
1972190690
1402538257
1886257858
708242015
1606619375
1721602900
1174729535
817681669
1278851729
198852840
2129436508
2373162
674389507
2120039140
341004838
1362213880
1624165326
145618132
962683663
1948460565
1510631222
1166592324
328311874
1264110904
1077648884
1338323514
1470902005
680788310
1918890229
1653141222
824656825
1743597271
908195831
563431035
304355638
367331558
137550287
1479085173
1185013227
1416402017
1677938013
1166966087
1418775179
204843873
1139521580
1759780017
1567057753
616203258
1905398149
382257768
417180175
1268545723
1548850093
745492050
385172980
479015329
2083815564
1856074985
1159803640
1855222145
1361732560
1984460465
1451335768
122444743
400407852
1755691406
489776302
537958139
1087292932
1674789529
1954360156
617747297
694271969
1225651687
822591170
1833793549
837948056
242165276
302513159
595862557
624423044
719693334
1864408281
25789489
1465185384
102097613
504804819
1401517301
1958172598
1664608459
1109255798
1172421510
1501585276
413107919
1294866254
1901993128
21315677
1784642556
292467619
1108608609
1311948437
99344128
1726355907
2006220406
1324995815
401463429
1692530307
15460224
643628705
1995043466
611322781
1268051750
567253153
328247414
1293841239
2032438537
430345027
1798646058
1286472190
241033978
1315770869
248244341
1413455488
669872497
661352260
560838094
424381977
682667937
197997002
716849597
1791276547
1509945440
816193725
1370148806
1368682198
2141189540
1771612235
913728858
9166116
267757293
761288676
620488898
1535809043
1328541829
948736312
682166634
1213496719
1379081340
333329045
352485261
1620115318
1649099914
600729602
886087158
171488764
1262081862
1446925253
595870741
1944749800
1644922255
1312720338
1588542699
1007384047
2128914063
811207857
228582598
2122619956
435336444
1142311456
2131786072
703093737
1903600132
604791322
91419132
1084658314
1553527635
773585767
150671385
785125327
1106914812
503156646
257756997
608531078
1103886249
1143844155
780019842
218484463
443285760
1375890584
15750615
2088208016
541127274
1604293314
948108415
522557690
268017523
1176691013
497693998
703353968
171518821
481996422
1406447705
2075118954
1086787745
1497866838
1012293620
492831732
123968957
1162965005
1277957059
1230883769
1666121651
1535714056
1839414847
622524252
532074563
471951042
841008716
975360324
1847841626
856759331
916084692
241485252
313568998
1864193107
764042942
581586521
893400473
1261736940
1284940489
1064919294
1743733363
543904547
992554600
683037460
2041771385
2004848220
1175869192
18256694
1020329577
306342603
1249140463
538967581
1842056659
941071662
1161491833
226647574
1413022704
2002500549
1202007898
1113380682
711776233
2118092590
1354865935
1025345231
1834802050
2118908877
1606931752
580718875
1233162170
744388594
1645638169
829411885
1288293141
490709122
1512449345
1182580878
348073694
540834889
1200837572
1368403272
847177492
302494387
1907370853
541750503
1243566049
921379038
768398077
509105106
776395940
1970405976
1622485788
1488172173
1941014918
829868075
366033756
1628333320
801293305
1972965508
61568547
2034455475
569870454
1707206717
716383712
1858163595
50432191
81349409
893260825
398505885
622184298
2094098397
1766909157
1469361790
249109136
1526796362
2011112293
1492675186
300691753
632026722
2001780292
1077087693
454949050
1476782432
417776218
248480321
159166860
783809974
1876813641
960460165
609291834
1938382189
847431992
1179162289
1498105258
1563815704
889842236
1548537449
1645165113
1783103062
1947043334
119865763
1729717811
1566468844
1589227553
1978826948
945781558
1452856198
1324018486
1246473311
2084882920
1178315130
176077356
392348323
507613914
593853574
640828644
666780774
1377663548
370158637
1627240939
1986955383
161057178
327189283
1018634024
1659162436
1891004987
1908476260
1060216237
1388686452
1544095674
859775924
1508552215
1126329838
278761120
950296120
957673138
1224542678
255668670
134207976
323532342
193067943
1312523106
499609698
585416266
1820137020
1093463273
1226244910
339434147
323643173
1596403547
1966675086
163114908
1757460726
146380722
1181748932
1269139514
2037385709
942741545
181872104
1278588514
339353571
1041648028
639657081
1465683409
1320409148
1589953202
275872899
397468178
1845621872
410080875
721000520
2038689815
1722603981
1220610219
476622433
1395257354
166589844
1702867343
1734691501
490233017
1151787243
1553882939
653347926
761764321
1700263661
1835096858
2030903835
1590165723
630354755
65292291
721270589
969708327
1106940319
1360927670
287908088
279865819
803397224
563780988
677333998
501535449
973861863
1398334518
392741616
548982197
471461089
869364050
1944239551
638050933
424747745
1531447404
1128283951
1576534988
937846695
1781631877
190815661
490626709
1469245087
74235849
2080792432
2099599843
139528140
654579373
921824522
1246468460
2015507043
1209732610
1526334279
671420620
1773513598
56184629
1172956069
599891814
1454519148
1565697685
1148874011
1925980237
287578087
945629914
416547523
712325833
329593670
1544831474
141377173
1267440365
1178979703
332192835
1758067074
500741142
406428684
1691375858
452857337
545956824
198471583
1374681859
1792425284
66494979
436930822
1171275916
737915599
62960772
1227460545
1910871668
662852586
534496045
1329085705
1811726597
312992635
1616663793
609872863
729540158
181505978
939466533
126887984
322883151
59423251
1305867687
655075986
1817490325
1806608829
1061504670
1361382536
111982519
1607461495
1559854119
1486664378
1252403131
1626349098
1923595200
276195399
216781049
1986555973
1503655945
2127652717
501924911
2038151990
1309254775
166167861
203660977
778434920
776040724
933201135
959940898
1715507258
1060089119
1282824049
1774930509
218473158
1937900036
1444937186
2025081988
851921058
658836074
2137064507
311898905
71206546
1476245237
1564302037
1697555644
1252356790
1840497436
1914336694
1091429115
1196669733
1894505763
1593354026
1087338076
1056276890
1759521887
1290999053
1834711810
388078964
76716541
647169060
2103586222
1136805660
1929993110
1731033083
1355278819
1720409498
1028486621
1232877159
424846908
1687322696
1222458018
736745814
1758529242
551219607
153564203
1308601238
1803576397
1994061639
1075454284
747521864
1043247725
822476400
193392243
2130585801
1878753290
1952914130
1274101206
1565981453
193509446
1350817747
65666865
149612020
340139760
1995659975
1880645103
1695418579
1568585825
761648077
780812090
1993432734
301487125
2003270108
582694900
2060016367
407006067
736259103
1221133957
63098817
582837094
149104594
810620681
1626084819
971580994
1004012924
1609186972
702850636
809443407
735804531
121348441
1002952853
2086622278
187015307
1152564874
279278390
35191634
885726329
1974696969
1603777460
1647374406
608025411
1449726546
1948861531
463811871
2032421446
1861394250
870817939
621196901
935044560
933916756
1204033995
1084149154
1744537437
682635167
2055730148
601066714
144338491
611097136
1410510121
880143022
732445578
265979326
819281653
919460885
1418544200
1098560043
954652519
156786882
925773365
410946331
1804161288
1533798776
1860672877
1605539172
1997610648
1745610675
1319449774
720944939
219323928
107010686
1654861695
1423357924
1191159840
1251915484
2105993091
1099406340
1852982198
102847934
1710503477
1116008671
982990957
295465407
1381987998
1802272610
1214926292
653048550
753349005
22095163
809835432
1679122370
433041495
466513073
1065437499
146230724
2072052245
915564499
1891841400
1244018371
1636509438
2111165328
1351029058
1143887485
1387039604
394705250
248319321
1345549047
1494111591
2101301520
1448396982
1057131420
1069826543
283904291
1352596827
304330893
2086176901
420039471
957379444
692042258
442134634
1767214876
223680981
875176129
86244301
1289118480
1021406854
10812898
57199331
765764606
1254831270
1693708769
729446286
458376680
690112606
2116485891
853081930
938431927
1314551290
199709873
892249799
615464624
1256841293
1962076343
899368915
461954472
118923588
838062168
881993943
1076303032
1530104427
1324128578
696034261
1753785408
51821059
782278562
895420240
1073227913
793091461
952619571
1838992519
2047922731
498844692
420955158
358815763
1188957298
389957401
1211897693
2127389225
1704508691
1411607567
872155377
172489668
520965212
686748072
1071858583
982919685
805671660
1909920752
1864913628
1881974693
1292541531
1041558558
430525306
898843291
1093379618
1212803868
1794263531
19123883
2005895329
599399454
1858116403
1906334412
1098244146
131587913
117666527
139717796
521545314
1329564221
119623373
78570357
593688140
991778750
251060025
1114653352
1678526822
1322918609
2097573037
336714835
1085355713
1815003018
71205880
230413596
709077928
501731186
1129256887
1802457546
1714535054
776036770
1821581430
1572946736
1375436224
1532214185
1331797500
326196722
1663802098
1449464028
465914518
37863764
631544601
585537891
116434121
1225232741
1577316642
367494147
192402445
1108359816
1690412756
142491835
1445074651
628284821
1957494853
1516280531
858698417
519089133
2018011717
1987955304
174063032
1585063124
616508426
1995644462
1010526212
1991944650
1380374999
194840064
170657724
896693449
1644304092
636572242
934557213
128365045
1222110133
1050991334
1353597786
651943127
1418485481
1546000232
1760302944
961414589
1688492067
1057893947
1589699410
1498503272
426690831
300914179
2017592405
297218900
141385835
44171789
1882282024
757894261
2039816251
745324588
602355263
1272707602
940164653
773012987
21917403
436985097
1409585229
956474616
565350143
484211715
2007465951
1918947929
1136154842
1278467784
1317464513
748974138
92398726
858472932
1806868086
1682098136
209492556
86075269
1983012316
79601314
383294169
2124398151
123773103
118092546
734808765
16105707
863417134
1337164028
1288813309
1803581787
2110177016
1310730713
93083237
1372278597
119721681
658433380
1856490312
2127187632
429897661
845161507
1258171769
1747362175
1594135645
1350570495
458351459
1253520083
885184983
667844016
1339595352
720713651
747445330
1722889522
697628155
871218433
1840982068
1432436920
887324140
556915554
622117300
28653802
213013694
584810668
1339384515
306096931
1957089266
1459106196
964530311
1666095930
1438810181
1394427972
363773789
549498302
994306499
1957909435
1900068797
1452657959
1063945870
637770132
2120501975
256057575
1358483784
720463657
1978947097
2056111939
1591682090
1672445517
1341065211
331522583
81877423
1963182511
360176385
294891117
400509532
1699560900
600988048
210115150
1011183448
1565518359
1876211080
302509981
812462684
92501222
852008283
1806769183
2050410657
604593432
1111943494
966872879
1242363565
1084961821
1222930454
453363701
1805425478
1054393903
361991992
1249623921
579355772
1703057203
1581146504
661233196
1518756066
1941322889
956124313
1919265598
1493400141
1557112362
2129380748
357099941
975147073
1858108181
659609923
1787609757
1950609403
1511618206
1446895293
1853536412
2116211639
411355139
672925643
1211091556
1496316961
1895856098
1664455257
1154258791
802766353
2026447249
256399064
1382122126
1582020804
1837545568
2043355322
953293222
1631384809
851995987
725075173
977301302
261624701
706972273
1334401244
1236771775
417596806
1994011167
876897884
220722561
1358145725
176309529
2074258973
1326873716
587664669
599700969
390481624
2083981630
348073419
2054936881
1090756773
1150839772
1933900482
1347155838
385478250
1368437638
1037217758
281349924
174247213
521118920
1133345912
899322386
1498420222
1394970613
1606294659
685337818
484258740
2023891466
531865337
1361156625
97130379
1890011063
1537466154
23905705
1069401131
2125130823
623606674
1459882756
2061628805
971680093
1367335989
1004901931
2122519865
1153752824
204574121
360514468
374706814
1241791879
641864392
548954027
1762910799
1775210304
1448276413
1113847374
1022697270
907087425
1799185192
1506956010
783495243
183566882
720628987
880625622
2073577945
110611494
904531327
995495428
88258669
1528138001
307894536
2403827
352334446
1675230526
1007305758
327370664
681499702
1211879879
687885132
1056206516
306188110
1329749524
1605160544
2069098910
957476181
905953309
1035462636
1980173451
1813040734
687164180
1339645813
449052329
870731062
2060274801
1329677952
796825359
23402647
86725631
1792320788
111661316
1614863633
2100215324
114065143
1967198079
1627962202
1121370901
147085095
161978256
185767132
834970227
1218184773
491955243
17236104
675861669
413570505
974712285
1581814978
1449033141
807402088
1247372065
2136197321
2147047901
1696424394
859444736
2059839054
878618698
1656270095
2083241701
965344330
1301107235
47419370
432724315
1253838912
161484513
252438746
734317466
1282855415
399523842
896295723
1468622547
1234494069
2114480496
1960577790
1251730173
642858517
226664647
78958810
77189847
1675697788
886360898
1324561912
1664411462
885925152
873502659
376372550
798280558
1752121357
2032642645
734038612
569982039
1186266233
781457982
1002706354
292621497
942942495
1255145101
1026938963
78314262
1654668943
1923234686
1546936810
741679364
1890231534
1360030952
1993409538
385606403
1586695600
2072368348
462796251
1114909740
811245599
1787358163
631837554
1697170751
513377174
1008210104
347967661
118014884
893369102
1082006273
687996923
2079635335
1863464255
1690703278
224773184
658923103
798364731
1251712147
737237365
305550026
1027463186
136690527
1047229390
770211072
1496721480
893155280
1155817476
935933432
818039981
1618613727
2050843172
1629285580
1258488242
535197079
1178972683
1771865417
1543407183
1526940344
1889880301
289292637
461462970
430393576
221444324
177443577
2121096854
446217508
836366680
771977937
1697929656
1573604046
1077527963
577909194
1710294573
2124757354
1348120266
1059532405
870428986
356454094
1995465837
1688468967
1975067821
1898825362
1170270899
1086072416
286538793
201759934
710454185
1829945976
1728700279
452850838
2119238614
42679601
883244414
193199290
220123178
856857621
639416799
1056489859
1628835558
189862807
482610257
558879874
767772001
45421182
536153580
2115892267
1104953588
1406582566
324862714
952935777
947567886
152446887
704277491
2117838785
1238519303
990816284
172115072
1948973488
673278613
1900815351
254340678
645033579
1943494952
1137585093
838232869
16134482
1994442714
1477649668
1072624341
1475794624
1667512475
1555234598
2034674498
287800828
1600655781
423344430
256209448
558125721
1829926997
581072162
1511061498
630011235
733519049
67855342
600366372
1972038353
1058671626
772481444
1773528193
1731950239
525813147
2027868872
229500170
321824451
1017970317
1067733040
337958934
864929383
397899060
1410583275
193240359
2065411536
818334226
80431210
205728716
271506359
503775640
461938164
829632080
186218989
1043010326
193209930
816230224
1776529376
261065272
1416596597
1601084081
1319736899
41594393
1227128626
904203490
567407541
1107513850
1133703661
889231992
2125484167
53953053
1227190926
842929902
451852113
490290554
1036170262
369780001
1308624780
1116601472
575508718
1580131139
1620377112
1037446882
262279571
1806596102
2080457209
455489501
475342678
1709502937
716554774
1891939275
1163103370
2036291673
1933533669
242748348
793011515
353457562
1350262199
1926715176
1242689554
1328262718
1980668229
322396833
23708973
285036695
812687387
1059879235
654816696
2121312167
28997059
1230325414
1553959658
1649374171
120288649
1816239229
1308486625
53262210
124245082
1783829304
1762765147
840799856
1528284931
778384869
729607881
1314334952
1021133217
1522619397
1667792514
223911768
1301850925
762998421
1552174487
1135035507
1085395254
1575883460
1420072202
1898082641
488279047
2074888898
1871911160
517276106
1157730665
1278387170
19166629
1278019314
947142751
1327653255
1331281524
1071387833
963998911
946563023
1912187690
344800194
1724947892
494311923
1659135147
598597461
2016931320
1179444013
822509230
1171298598
1942442434
227200069
158850457
880354040
1803083529
1578922659
630953033
143878928
1506327909
355380545
661155034
516574926
1633767715
680321663
1794594240
433426818
2007974918
978392116
1504814652
824490181
1924955139
1269518694
1169290376
1502419383
1763830617
680941875
2101016845
1633278290
1860385888
776042427
657093240
1655344675
1003242496
815943697
388215067
658842377
247382708
1019168101
802721305
1753710617
1374548646
1463876339
122801896
860832714
2144198002
1917396136
1294259532
2004689273
748304605
651590536
681695806
525776096
1921109230
1850986182
2028195480
1537456200
384444409
1981728677
1023250842
97346650
610287456
1680344082
1752691325
1613529952
348804131
2140906392
124888681
596186839
1012590845
927609986
202413808
239655844
244002677
325215704
1100488558
240717031
95128193
247264442
97922656
843432798
898854979
779618463
1369208894
672480561
483120997
1249920726
62453113
867565407
1084165755
1085703955
964912057
1694453211
618564389
570119734
1160499515
967368520
563542478
1285388196
1563555359
1576133324
65514534
1765969168
1815789168
309517211
2091184872
768794078
550234243
38829417
1016058520
648156899
882262215
1914913499
1427775362
103987462
439910413
1910896360
1353908188
502363526
630978119
290590296
1588067482
1595890176
1985043507
59148223
18526262
998059375
1026516744
582068740
135963923
442588455
10718416
201478458
61073975
1826507584
510995669
4775200
447818014
1061229912
43604617
1463876535
1709386812
925866833
1231306386
989678526
1029854295
1671216799
753091238
236278835
26096678
1384069357
526869131
1614164160
832475885
364428991
1673312383
851002147
1362488366
552345479
1433070888
1498452289
994933935
1443789304
1699930747
1056007910
1122813241
63442769
1060783110
1570631255
1124672681
1104387728
887024142
686575845
2030254561
2118330529
1676254372
912625208
1642063680
281861962
1148904043
1668160358
1665931320
1675773175
1134840870
350923557
2040202166
660669606
1201925705
1255206884
1213015085
487512945
606175525
60465372
1931302249
158622625
1116473283
906631842
222065394
29772745
329779450
1346738075
1134160473
1216803592
2033313921
1016931386
1187650473
1562084645
1929556594
682230506
1843946607
930976990
202907216
1362394279
459266517
1337748087
1713317837
351985035
1998417693
767759894
1607191919
1063949130
1255272839
65883796
1124414503
1039091440
224506421
93404138
1945723283
446571815
123176883
128019085
1793309891
1257337357
1344822677
1679140164
126785095
384989503
1093741161
2056341690
1067220009
790204120
839835032
1270127225
5114752
1299101549
460391664
1718432589
1651086584
311325709
338708835
1110794855
1375274840
1593981674
1176678651
352205695
485589466
1401185073
445609833
283829101
1847756888
568786716
411848186
1493583131
1826124073
1756670864
1025239647
1952909169
2141660367
2118980808
1861767211
1061396728
761701281
554118595
184040305
766816033
1853220144
644431970
337764974
1356823080
955757679
676473809
320134287
183548871
122971835
1496812938
535754566
608561301
750514363
981364399
892390403
450787604
1550151116
1304238589
1944370735
1228791541
913425805
822126735
1034217062
907602524
793623895
748500625
1968999252
1555325176
1302619220
5555910
174657561
1008355716
649987880
512422535
217695148
1605745559
1188896344
537829435
1789294431
1311868179
2034642374
177565349
1920429481
637673089
1158929749
665336236
1088460693
561597217
1969574825
885347781
1790388758
735516983
1707474516
677122173
1643119507
353614763
1425622798
1464635112
1908939940
580758371
1470191022
2083597501
1589114087
2120178902
448536389
1806809236
1578440813
1637432733
197155023
1220251596
801817265
84313749
1397816946
574763098
721986839
409263047
1240099334
1810447532
970860264
1062190511
548311665
613765374
1797707494
108302533
1290887547
1293343354
461917297
569026698
610494818
223373589
1149785069
2080685840
159487442
591415508
2053381094
608023831
250741096
1484338259
97972917
447896120
557106208
899790182
532209869
1954923154
1474553280
1254196708
216702553
567168966
917160593
1187562817
1629359477
1465472258
1801328191
1279583324
1573774792
944732091
425443030
2035692089
1513758789
1035937848
111582030
516060210
969140040
271069472
1107475718
875037486
879093304
1358216815
211892097
977066221
1806112935
768998305
1876856403
190839156
576437811
1203926035
1445035865
793140364
1771095001
214712810
1980703181
1252970830
1680185068
1634547725
385070506
1106476212
431796168
810513536
994684653
1945554957
1846451384
1106266683
314131519
668107776
1377336156
1421607237
1543145262
108945812
632340404
1755037360
1086012033
290969691
376552017
815384788
481808848
952989829
2019310823
1926844713
1746130193
1642922176
2141557523
1579349727
748409358
1674258943
1066413804
1133479865
633251508
1498209972
1943993401
1627936161
1296281281
1642961138
586719197
1610412800
163585266
1964055353
884536389
1706730529
2073001165
1516876794
1314284241
1011529550
1807846485
1690836258
1826914338
142171685
496342439
1698741513
2069016398
94988985
1194180041
2063090273
1674338712
1942589399
1589865569
593268868
928585616
75633429
2091478840
725095370
1703569590
1240276473
220572860
142805139
703205625
384158126
2106860492
1587742014
2090888655
2032378009
957135160
1257689248
896423911
617497998
801041859
575854601
759669683
1297384298
127112466
681202434
1392373283
1321292507
596809059
919228347
1116398259
39190980
1512497215
2044983875
114824409
1456492407
622595597
1818394000
549285232
843168457
1961199139
1252490857
1227326584
1920575984
692749224
1170731591
1805470345
1649884384
280937192
554410609
119898734
1081979051
1130265210
879568418
231879701
1257377677
1560770852
1624252985
431186536
10096263
395997684
1547584795
49287244
1908494900
1445085023
164111653
1217503659
2067680620
1982505653
1766788892
763365430
1796221145
871796101
1990692014
1569313481
1564545325
1013939957
1227300178
1066946062
1294877149
1781710787
1186844796
229372552
764492350
2066413214
461252254
2021870027
1479700418
2085505239
305572915
1489796682
334019275
1853157711
1539083926
95030527
1150759086
1703195579
1312534187
1070956058
1538217585
931839431
1834321488
1186955082
1803635532
1677529854
608784915
1220697210
543986164
1836085093
140159624
1838863313
1470312233
1327004420
2068235866
87320935
1245933987
382004472
2109190962
578150757
320026063
267280229
2067947439
654045338
2120437940
1459547717
749075866
1123713378
1015259649
2061610053
47185789
405993586
845965836
1881507277
1592948668
502117720
1411553484
54249935
1722814930
1955539648
1890335028
1862974554
1646919313
1213163613
1042495327
1567671531
1300484548
140945666
1949676003
1262191862
719096423
122218418
1529472092
639560215
776263757
1502426384
2099107932
1525339623
478656115
966883933
1439466028
525841904
1372877519
137948216
259865533
818342539
640065936
1671419017
872592474
215397219
1479475017
615443855
2078371773
978910683
1828607468
973383452
399098566
981608369
1114329118
201290922
96316583
1833425542
323509340
1625788675
325502109
1099773097
980731412
277126393
477629072
1459387527
1244010327
1917095100
1985229431
469404198
2055043316
97611316
1287746738
547625605
1769030334
12855564
763022824
1101021703
628299419
693910949
2079932386
309423240
1667294402
331547305
1291031609
634139872
532838227
1387348192
320081766
856347567
865653220
645583875
1956120665
1846384632
922710269
286266089
1158288511
19236948
55877542
996034294
488641146
2110920858
1093645610
1776387884
511062815
715192296
1789243449
1274085639
1816214000
270059220
1967996589
1748662738
579482460
1487807343
2080210043
1870514069
2121947215
465564622
1110378614
294545334
1321912190
1976031834
940129209
1130549207
1674932818
1862839478
1416815296
685737681
1882076426
1472692838
1681771975
223233925
1436130049
627933937
1999621809
1947192864
1343126234
1641381610
1073794856
1011856586
1911440831
894307797
613035676
343439643
234631492
545762072
66470065
209095059
1011326694
1176848679
503640393
185755236
1005396865
1443769603
1316304443
532846035
1159125433
585636092
1218583716
893718212
2058328930
752872043
1116952137
1346975331
1380805980
969090298
1146684548
576448566
462988261
72995756
1588305152
226945444
967303553
53857181
570385087
1201935045
599619253
636855152
1411030104
1610945947
1813703831
1914670498
1796701184
671617048
1210956453
965521979
1204463083
222598238
1551158071
275563151
1116316450
1462003354
1028435194
85784939
661495037
261757527
1054875238
1808179585
838206093
1517863499
1881175341
279027598
1744808943
700995246
332884779
167710382
1902930291
932504032
804565535
1166476748
395966331
470785718
933663598
45183867
1142402767
2144620051
1010705847
199382202
219734641
414380270
474945354
1336051092
1876383624
1503380548
1421836031
390395014
1765138075
329227621
51090951
455860521
1847091120
1932266293
734888119
1444416415
485777891
1067772898
1612126798
241224535
2000276930
269208685
1407701283
248759613
739994403
193881233
293943481
1882397170
191017636
1304649328
2081779373
410752277
1719029598
409241079
1746803369
1447929575
1912621627
1021155753
1838324589
1530276055
1350383374
1889415540
1986136576
1049990847
1674198185
573541047
346923614
12492429
1641313945
1959050412
253716964
1494107227
80775449
1661418247
1742866840
820769853
1855299480
2036810321
555683375
2046317116
1193976001
489979100
309585745
765521952
899220179
2056389115
65967879
664358159
930061220
1904292468
47150566
132960946
1646224360
2033287142
1182951793
1172938898
459344541
1529875408
1185431327
2100658486
1341442172
1439148291
1447282065
1422217622
953082890
1042665257
95503827
660898722
931991931
651187202
559732190
2125967932
1141166303
869317935
744006236
2040386482
778223402
809974115
557260993
1708284622
566782935
604411559
1841245569
65523648
490215053
876713714
1238462546
949559594
259105474
276410225
902734432
1600547647
1715558516
202532849
875281621
521157758
1245198107
970785448
1182056480
29706390
1621972650
1741788670
8190674
615655305
463622957
752196911
508558140
1241846360
1562171026
1065819133
802647334
2128953962
1670230693
496409255
46993962
12962098
1373122970
1285456508
962521693
1632228444
1561866733
1865256125
1085292443
1129941601
2067788975
1960574064
1651099359
1165503434
783875864
685672191
1195209824
258364867
279977213
1203400498
874020172
743600170
1955597409
1382578312
1985446530
1370284788
300913798
640610217
1351755102
1971144491
1137019472
1398749064
1984106589
362658794
536721924
799144634
1994887239
2098588657
516917112
932696034
1081046610
437222439
745786451
584662321
1602725873
1529662315
1270334512
650452049
1788027182
1550311725
1853852547
514563707
146428247
1661966309
1897142019
2131874778
884767449
50572169
625001347
89038903
2021716660
1762020819
1487787967
1858339602
2124679614
2024509891
510000588
1972083205
1975614900
1026917700
757295591
909177862
1464140139
1503082042
1493840183
919382364
885260710
616691047
1569834413
525804244
19519124
1276203313
1040367951
165947371
790685974
790026323
150338501
1675453423
840598492
775339848
1764492326
714831505
389877020
1104796645
425687459
367072986
981822888
935688047
191672543
809954140
1962605748
948968134
1719132002
1279262239
304566529
1065488537
51160956
1189827239
1682179584
1620995369
1715631483
1701698708
749715034
608515787
1867646079
1540401008
1398542110
2017984581
1068370783
91656954
645840781
685379461
806488459
1035717801
1790176106
1232175918
1402790787
624515346
20380318
1594463330
1434469486
1982986066
395947817
1006117840
1114764657
700514346
2071606377
1165925613
1890341585
1606302313
639437335
1458489420
1160517373
1389152369
2067005207
880679805
782069730
1318063669
751180738
1850440513
1409720624
1397021519
388336327
68725435
285255673
31028785
1300901354
1688046460
655544132
1321281672
1135026143
2090013618
1156784090
1530973960
948647811
124065099
84004658
872770540
1289990713
1974346243
331589206
1929428048
1285352015
1492106579
1171096769
1204873575
225302736
1953166499
375453596
976483474
1656123365
1785174220
226021346
2044459692
1853899656
511277019
2075488477
1007317362
51839831
583548961
181115386
1186865974
526078932
1337899476
570356286
1474726743
1461964575
654360944
200013635
604471640
481223539
531602841
386416040
1766575555
2023709421
1557512810
823965482
101528509
1363195661
1199419078
1078011984
871835378
837109651
1304033330
768811422
543525659
1815310349
696816252
1550843021
1867150180
1280365213
1731958407
906532507
1806444145
922374235
1476888793
1133687240
236855162
2131249738
1333700876
841326803
464989629
1865303717
1227742843
84081536
1741529490
637772005
908047018
1843058000
2000967667
2107466097
773586336
725319397
797092100
2077619666
1494130820
1340617759
1745446367
43463424
743977132
1465112899
1323828637
328451891
224161758
982789135
1250826126
1701050552
2116476375
1487681288
1684816642
1302693603
181524443
2322623
1020513673
1409267287
86404160
614559515
2047039292
994451178
310133867
1900523311
954433627
1083720203
478359061
1751525727
1013856221
1972489881
944659838
611818940
2015953305
1688636970
2076931840
1192298294
2017088861
153609950
27603781
1120431339
1854660502
2144080157
460628980
1391993496
1299290112
642153423
1394316120
172320137
2051420710
1480720280
786879653
1950976355
327687810
1097013520
1704016018
1282121438
33250076
34891431
886163517
1047106297
2007381312
1830823356
1658925238
1875850969
1371976678
1588373430
920665616
1241581892
1741983380
948269397
214529583
1449160235
944865906
675158563
693670083
96672371
1317311987
2087986203
268992508
1221249049
1421222835
1055872161
1024741756
1748910646
5402034
581274127
883548436
38652110
616165558
1769711953
1085758407
476063223
1453051661
597199997
204430544
677544692
38089779
1125096160
1919126584
1780073160
2073365558
2133656167
1081749747
870747816
661331083
1775419830
967420187
1978643070
1715922386
1236412696
1052408471
989661573
144801209
2077150228
591088571
150203243
510940707
1474637007
188855353
1127106265
1096865313
1274613761
1603169488
402433326
1871813758
1807600033
1079978018
1909903538
785212545
851620954
1542493050
711094455
837793474
476759149
1581842272
1499124557
104695331
401778811
1330283979
1820617717
1638191507
235208802
662795643
1782992717
164875382
1253884214
1933195960
675816089
581037574
2122051314
1802922355
1677902887
1249181427
1258608195
2080336213
973511537
918724580
1012830584
735931427
1703937126
1864451538
130940829
267547933
554761364
607699978
1849390205
2053885921
712395310
103685369
1236686252
385529379
1741876876
1471895055
1048325022
1377385945
1636770437
154725589
1163098258
165102879
735763163
1137665924
1968025234
266182402
239363703
1079149781
199034967
1212875240
1997874362
1211865551
1948806668
1554327840
928833442
2079747497
1821875773
1483594806
539963828
1523782331
1389997080
1252359138
1627467700
479199684
1637888517
1221860928
1951094739
538729892
451763226
1440381529
693455481
1614861484
1605484408
1429218644
605043760
1426025994
1695401046
844407463
357692127
1894436013
2057282703
208082841
958817917
1858605723
1762410681
1887651359
1790869573
1436802807
1223762517
183349753
813101490
466275949
1435708891
293085542
945475634
926113760
1514946470
749086725
1464843652
1966709696
41984606
10815485
1434087532
1647469014
1440034129
2039131292
926011360
987951527
736055107
1283703488
734903893
645854163
1491786329
1693721810
356976238
1106713363
1433889521
362163
396032522
510168390
183711916
1209134012
976444340
1619420807
1502219554
1921919974
398050920
869682376
523523051
1862894572
688908425
565507658
1873710058
2122995957
65493024
1166260539
2014643602
991504385
6728419
603215061
127724225
741632312
1249069224
1619510554
287870474
1606045463
578740269
1721759995
1606407626
974772791
84444737
1790119543
36423155
1060889077
1262056702
1538642709
835325403
1660107622
260841438
1358848455
1375518547
949749863
1924356113
1101744957
925262172
1989849137
120521848
792422126
833869874
127250267
1395637188
961594099
868882579
497222764
433621006
1156753053
2103268227
1012361275
731029400
1562192206
1987134067
815474138
1204828101
2023557222
1876363215
319401155
1414716284
564204971
1979508778
1675557722
1923053426
1207543677
477823937
1699925891
161804986
1403086109
1542291380
282326834
48024588
228677607
409577102
1443661776
1190271706
1278459681
1940884540
1623892712
287729087
1896669120
488770340
1018758487
1311377678
328420759
1834232625
368722131
204494333
1563112193
688123286
1619210617
2127317164
520148416
1147284691
1902886942
1727692093
1625108628
1455329185
1889497079
880711090
850136917
24340266
928735678
1078814524
433917368
224913806
121602583
1712377049
18314698
1745495295
2000106136
1914983818
86781987
871380976
1078877848
415202746
558129953
1447599979
619697080
2121242146
2135723266
91424049
2101075662
508388034
1238708741
1856478956
88596480
716333721
1164324493
1978093559
1597044811
2014461411
2002433825
378296841
945792287
288867545
603210647
1067394870
2001244595
621525346
665406518
1853867083
389025516
752188505
577764411
1467903365
1167391252
1135894365
768019696
1787088332
1109652863
756259314
1878512381
1063244878
1264647349
969737474
772240186
1353243829
1686071196
1936564680
1183853740
1135632359
1803542443
1038803918
1513929201
601851082
1327671463
2117139848
1669245953
1181432410
591181546
187168823
887815846
980207063
939357328
1465580257
300626780
2106748580
453990974
1068646476
1746353264
1563643838
1824905791
1477381998
479405068
942069492
299635824
1251645254
147829673
1985707020
1040726286
1331683413
973855732
696785081
223003683
340301285
1298636164
1550675147
309957485
820398469
584623909
901139032
1007567292
1472439755
1881346095
1946924620
790536365
34489227
1906189553
1244527339
1103135703
1505059169
660687529
780557846
834957519
1140092597
1722627338
1134593344
244254204
1870457011
972816716
1284980490
1054656777
1946672448
1981765572
1277660460
139490085
1132918088
680851959
449447571
1953316557
1265475869
1350586603
813400201
590431976
1084449050
612841173
1380968341
1118938277
371547078
478012033
74590332
1876606248
1138699562
855148179
564080119
131308512
430291869
1698673463
375562716
153265233
524006532
1660543206
1207922010
323195332
1494825130
338098822
462685418
480259570
1018950782
912132989
286092479
136943003
115235944
1099492680
727374979
1199684994
1712333854
2108343321
171139623
2083880932
438871706
245729955
1813003532
1577571268
1100878134
229600004
1708879780
1531170004
1928273467
2084442496
1684435237
304796351
1597502055
744873599
627991684
944843537
1082972421
1090677102
1425103108
2101923203
2002810091
1711195587
91382558
2118046035
663204620
818757538
1170247381
228054826
779617211
1341387004
164452110
1218488917
1587116959
1977455643
648576537
540511446
59571999
209972670
2071681450
1987845466
146931518
1608633039
145158170
1744433573
206022990
773149854
541793463
1288995411
1863826956
1966896571
1243434967
1719153399
1530608510
1334817525
1689715786
46329482
6091415
712479519
274384308
785708626
2053866523
438836419
2004197543
1493499834
268808414
505290433
2034011280
328380413
715263103
1958209082
168742231
862194621
1419358473
313900401
459144547
1625381463
1087050255
1000938010
766893227
803393563
820350933
2010328194
375063314
203475795
1197662071
2064779100
249805278
1203753487
629774971
524189586
1989462113
536157846
963026005
1846176009
2029657681
1231834419
203982794
1916185313
1560214832
919245897
1726910748
1728957064
1781440518
998785573
2042857465
93101417
476683389
982424073
1094039427
1243576616
1785817636
1914390360
1106421162
13397303
2117866156
156599585
2078176403
220187786
1360353072
560467727
744377372
1202331538
1096625573
1707403378
901023899
978799606
791754149
1105006693
747501272
204485334
2024252590
326928372
1933442398
1658209460
1325713945
1828816215
1751310878
1802397334
663756640
697866657
898490302
302090629
464773370
2004911464
315487932
435155878
14027402
246180687
655343664
1374380474
806648414
1399721036
429228364
1903273988
959640766
1330252263
734589946
1751394916
287775308
1482091218
1955880250
164544250
1809019590
1741839000
1822753711
987249888
1423171567
1426580941
642163574
2086928208
2124447598
1540653877
241535189
441737320
1398081693
557023121
876893198
1412109095
803203808
1532236862
639005922
1609852223
784474251
1068234286
1365642563
1744115017
251002902
2100232509
1348026285
538778210
1434840080
1156422887
703322461
1096376022
750778239
378592524
2083625910
26466159
1805173465
578305837
2113394367
1782137415
2118959714
207445908
76391088
1369557759
764469029
953284286
634183207
1567672837
338037501
1273189129
1030041412
1122511752
193939767
248200327
719143121
444942669
200949189
2067169407
983720880
1635789269
1076108646
1687043341
584681643
1826886886
2065635865
520823906
1853353045
1723325682
1099129743
1819263764
1357979449
1070605809
2026709672
1434370537
292679920
643695053
240171176
926863127
63884242
578208677
52568608
1093925655
1700720429
246508376
1342125982
272379902
691451045
1543075171
192065661
1675171925
1031380792
1268174308
1214731618
1616062436
947577546
1132883835
2136886342
653446943
708725869
1088532437
325227059
2066705319
11654598
204453083
1353592208
304334518
848148136
1593763384
1231197646
912032378
24488413
1283766254
2005958033
1725208842
1530274630
1200600368
1997588745
74242028
596191891
42170758
1749413953
1627572684
1310345066
816661924
1096151472
110438964
1949545759
1085554166
763885907
510787981
26602955
1089112966
430009652
38257553
1293566049
1783601860
342592071
2141714185
1229881597
1573789717
906262916
1254370010
710072324
764737301
832095205
92863306
1965337669
682200302
167105334
414045913
724371060
1916519288
2041618597
2034716127
585697564
990286421
2145155091
387759675
2075840587
761557351
898547656
2102443542
1850670317
1328557308
2140701095
996752719
964675521
335809518
990983256
47073470
1909599236
1897246172
1301443480
472187912
514499826
2133538685
565051218
332353847
668255339
732156553
746399760
1392626400
501192193
640534709
1279858879
1086889757
1630821130
1277530322
1474649432
1559178069
2039087673
225713441
1514137963
1742274343
1554270749
1507355410
591543414
371462622
1843164929
1582526670
418536092
1605280517
1332289195
1719979573
2077468429
1846789021
1706034610
495035999
31659220
226806302
1227192552
778058981
1619432702
1728384745
1418593690
751807933
667790854
901931173
2029338255
2142440287
313625594
1920942281
220670080
1827763558
1515732976
1774940829
1187635320
2107276390
2146403452
883316601
1542319412
417455896
341113470
727124959
2137435469
271098251
426430332
1695986432
766134251
458089553
1922792734
1993326803
1236148534
1394741788
1574227901
507258576
2146549721
94535107
1409189749
2028404328
89491746
1722815344
1801862961
310161826
1403095254
1170112289
2085102656
443246926
1129905031
2084022460
1326563528
524740796
353994708
1667676998
1251865755
343946530
1938775250
1678296088
2039932962
557425853
2136385641
1815242048
403269008
1225050527
1062500188
1977496909
1732309103
1061566261
2072032017
994015205
942486941
14040115
569346901
596866255
324201942
1972442155
1766978544
261820950
268205433
749399928
198359762
1594768961
1274140724
552354470
1114962312
378522831
896301000
906253914
2056818919
788750314
1463679767
2045720912
456508714
1866948775
1123287791
1519008902
1696962037
708113247
433091515
1621510406
1702128452
1375578457
1635550521
123991705
1972444712
1959752463
2096433860
1591939608
74089765
217155645
193855888
272449527
1811924607
1467996612
824803998
779403271
1846519444
1721104998
1685657185
1755854715
362371665
1001853304
1654091980
818880379
721318431
629896123
190405634
270796820
1338009370
623497149
1892307226
892654174
1999075606
1380374100
1016645879
1824036670
1192642915
965596091
1268492631
1266732681
1182751737
1462348519
1539182208
847192696
782861484
216502558
1626595967
481897280
1937607557
1164769504
90268347
152495574
19139160
1744360327
971375953
740457591
226772803
1161781587
1011254412
1564782173
1785278737
756077990
309952700
1636870695
2136452090
1326598579
1313423718
1181611358
144711023
434432701
300860391
1327462760
1896781220
1840042599
27171808
532159056
2056545158
1653767775
1014056336
1846669067
671053631
1104324684
1999164641
690192791
701201363
823056946
1430650382
927974166
1984838534
294421146
345272692
1622633623
1050499137
655225392
1112020670
1039467579
1981823971
277960740
73595289
2126534994
712393441
374455680
1306514106
461691014
67014632
1333685914
993850070
2123559790
839970041
2007906407
1822745209
1511023672
964747443
1674426202
53732815
1665948806
349999500
1484383198
446439325
187354386
1778804344
791712017
1809988009
681819833
1446937409
774525032
1721287413
1281277732
1052485772
1794882702
1260329079
1764879214
21854735
419359537
79086580
88869367
1753045452
1072936650
64945509
445531845
933359409
1887690718
1956555518
1898106852
1414633272
2010288333
1416572011
1764632772
1347187883
1863011336
1951987159
978508580
507239705
1614491520
1660328413
1954177114
241532904
1234132178
1087971198
1294018677
