50 137
50 133
50 129
50 125
50 116
50 110
50 97
50 91
50 86
50 77
50 76
50 75
50 74
50 65
50 63
50 58
50 56
50 54
50 52
50 51
51 149
51 147
51 138
51 137
51 133
51 127
51 126
51 123
51 116
51 111
51 110
51 103
51 99
51 97
51 96
51 95
51 91
51 88
51 86
51 85
51 84
51 83
51 78
51 77
51 76
51 75
51 74
51 73
51 71
51 70
51 66
51 65
51 63
51 61
51 58
51 56
51 55
51 54
51 52
52 147
52 139
52 138
52 137
52 133
52 129
52 127
52 126
52 125
52 123
52 116
52 112
52 111
52 110
52 103
52 97
52 91
52 86
52 85
52 78
52 77
52 76
52 75
52 74
52 73
52 65
52 63
52 58
52 56
52 54
53 119
53 106
53 99
53 98
53 96
53 94
53 93
53 92
53 90
53 89
53 88
53 87
53 82
53 81
53 80
53 79
53 73
53 72
53 71
53 69
53 68
53 67
53 64
53 62
53 60
53 59
53 57
53 55
54 149
54 147
54 146
54 142
54 138
54 137
54 134
54 133
54 129
54 127
54 126
54 123
54 119
54 116
54 111
54 110
54 108
54 103
54 101
54 99
54 97
54 96
54 95
54 94
54 92
54 91
54 88
54 87
54 86
54 85
54 83
54 82
54 78
54 77
54 76
54 75
54 74
54 73
54 72
54 71
54 70
54 68
54 66
54 65
54 63
54 61
54 58
54 56
54 55
55 149
55 142
55 138
55 134
55 133
55 127
55 126
55 123
55 119
55 101
55 99
55 97
55 96
55 95
55 94
55 92
55 91
55 90
55 89
55 88
55 87
55 85
55 84
55 83
55 82
55 81
55 80
55 79
55 78
55 75
55 74
55 73
55 72
55 71
55 70
55 69
55 68
55 67
55 66
55 64
55 63
55 61
55 59
55 58
55 56
56 149
56 147
56 138
56 137
56 133
56 127
56 126
56 124
56 123
56 116
56 111
56 110
56 103
56 97
56 96
56 95
56 91
56 88
56 86
56 85
56 84
56 83
56 78
56 77
56 76
56 75
56 74
56 73
56 71
56 70
56 66
56 65
56 63
56 61
56 58
57 98
57 93
57 90
57 89
57 81
57 80
57 79
57 69
57 60
57 59
58 138
58 137
58 134
58 133
58 129
58 127
58 126
58 123
58 116
58 111
58 103
58 99
58 97
58 96
58 95
58 94
58 92
58 91
58 88
58 87
58 86
58 85
58 83
58 82
58 78
58 77
58 76
58 75
58 74
58 73
58 72
58 71
58 67
58 66
58 65
58 63
58 61
59 106
59 99
59 98
59 96
59 95
59 94
59 93
59 92
59 90
59 89
59 88
59 84
59 82
59 81
59 80
59 79
59 78
59 73
59 71
59 69
59 67
59 66
59 64
59 63
59 61
60 98
60 93
60 89
60 81
60 80
60 69
61 149
61 142
61 138
61 137
61 134
61 133
61 127
61 126
61 123
61 121
61 103
61 101
61 99
61 97
61 96
61 95
61 94
61 92
61 91
61 90
61 89
61 88
61 86
61 85
61 84
61 83
61 82
61 79
61 78
61 77
61 76
61 75
61 74
61 73
61 72
61 71
61 70
61 69
61 67
61 66
61 65
61 64
61 63
62 119
62 99
62 94
62 92
62 90
62 89
62 87
62 82
62 81
62 80
62 79
62 73
62 72
62 71
62 69
62 68
62 67
63 149
63 147
63 146
63 142
63 138
63 137
63 134
63 133
63 127
63 126
63 123
63 121
63 116
63 111
63 103
63 101
63 99
63 97
63 96
63 95
63 94
63 92
63 91
63 90
63 89
63 88
63 87
63 86
63 85
63 84
63 83
63 82
63 78
63 77
63 76
63 75
63 74
63 73
63 72
63 71
63 70
63 69
63 68
63 67
63 66
63 65
63 64
64 99
64 98
64 97
64 96
64 95
64 94
64 92
64 91
64 90
64 89
64 88
64 84
64 82
64 81
64 80
64 79
64 78
64 74
64 73
64 71
64 69
64 67
64 66
65 147
65 138
65 137
65 133
65 129
65 127
65 126
65 123
65 116
65 110
65 103
65 97
65 96
65 95
65 91
65 86
65 85
65 83
65 78
65 77
65 76
65 75
65 74
65 73
65 72
65 71
65 70
66 149
66 142
66 138
66 134
66 133
66 127
66 126
66 123
66 121
66 106
66 103
66 101
66 99
66 97
66 96
66 95
66 94
66 92
66 91
66 90
66 89
66 88
66 85
66 84
66 83
66 82
66 78
66 75
66 74
66 73
66 72
66 71
66 70
66 69
66 67
67 99
67 98
67 97
67 96
67 95
67 94
67 92
67 91
67 90
67 89
67 88
67 87
67 84
67 82
67 81
67 80
67 79
67 78
67 74
67 73
67 72
67 71
67 69
68 146
68 134
68 133
68 126
68 123
68 119
68 113
68 94
68 92
68 90
68 89
68 87
68 83
68 82
68 80
68 78
68 73
68 72
68 71
68 69
69 99
69 98
69 97
69 96
69 95
69 94
69 93
69 92
69 90
69 89
69 88
69 87
69 84
69 82
69 81
69 80
69 79
69 78
69 74
69 73
69 71
70 149
70 148
70 147
70 142
70 138
70 137
70 133
70 128
70 127
70 126
70 123
70 121
70 116
70 115
70 111
70 110
70 103
70 101
70 99
70 97
70 96
70 95
70 91
70 88
70 86
70 85
70 84
70 83
70 78
70 77
70 75
70 74
71 149
71 138
71 134
71 133
71 127
71 126
71 123
71 99
71 97
71 96
71 95
71 94
71 92
71 91
71 90
71 89
71 88
71 87
71 86
71 85
71 84
71 83
71 82
71 81
71 80
71 79
71 78
71 76
71 75
71 74
71 73
71 72
72 149
72 146
72 142
72 138
72 137
72 134
72 133
72 127
72 126
72 123
72 119
72 116
72 113
72 111
72 108
72 103
72 101
72 99
72 97
72 96
72 94
72 92
72 91
72 90
72 89
72 87
72 86
72 83
72 82
72 78
72 77
72 76
72 75
72 74
72 73
73 149
73 138
73 134
73 133
73 127
73 126
73 123
73 119
73 99
73 97
73 96
73 95
73 94
73 92
73 91
73 90
73 89
73 88
73 87
73 86
73 84
73 83
73 82
73 80
73 79
73 78
73 77
73 76
73 75
73 74
74 149
74 138
74 134
74 133
74 127
74 126
74 123
74 116
74 99
74 97
74 96
74 95
74 94
74 92
74 91
74 90
74 88
74 87
74 86
74 85
74 84
74 83
74 82
74 79
74 78
74 77
74 76
74 75
75 149
75 147
75 138
75 137
75 134
75 133
75 127
75 126
75 123
75 116
75 111
75 110
75 103
75 99
75 97
75 96
75 95
75 92
75 91
75 88
75 86
75 85
75 83
75 82
75 78
75 77
75 76
76 147
76 146
76 138
76 137
76 134
76 133
76 129
76 127
76 126
76 123
76 116
76 111
76 108
76 103
76 97
76 91
76 87
76 86
76 83
76 78
76 77
77 149
77 147
77 146
77 145
77 142
77 141
77 139
77 138
77 137
77 134
77 133
77 132
77 130
77 129
77 128
77 127
77 126
77 125
77 124
77 123
77 120
77 116
77 115
77 112
77 111
77 110
77 108
77 107
77 104
77 103
77 102
77 101
77 97
77 91
77 86
77 85
77 83
77 78
78 149
78 147
78 146
78 142
78 138
78 137
78 134
78 133
78 127
78 126
78 123
78 121
78 116
78 113
78 111
78 110
78 103
78 101
78 99
78 97
78 96
78 95
78 94
78 92
78 91
78 90
78 89
78 88
78 87
78 86
78 85
78 84
78 83
78 82
79 99
79 98
79 97
79 96
79 95
79 94
79 93
79 92
79 90
79 89
79 88
79 87
79 82
79 81
79 80
80 99
80 98
80 96
80 95
80 94
80 93
80 92
80 90
80 89
80 88
80 87
80 82
80 81
81 99
81 98
81 96
81 95
81 94
81 93
81 92
81 90
81 89
81 88
81 87
81 82
82 133
82 99
82 98
82 97
82 96
82 95
82 94
82 92
82 91
82 90
82 89
82 88
82 87
82 84
82 83
83 149
83 147
83 146
83 142
83 138
83 137
83 134
83 133
83 132
83 128
83 127
83 126
83 123
83 121
83 119
83 116
83 113
83 111
83 108
83 103
83 101
83 99
83 97
83 96
83 95
83 94
83 92
83 91
83 90
83 89
83 88
83 87
83 86
83 84
84 149
84 142
84 138
84 133
84 127
84 126
84 121
84 106
84 101
84 99
84 97
84 96
84 95
84 94
84 92
84 91
84 90
84 89
84 88
84 85
85 149
85 147
85 138
85 137
85 133
85 127
85 126
85 116
85 110
85 99
85 97
85 96
85 95
85 91
85 88
85 86
86 149
86 147
86 139
86 138
86 137
86 133
86 129
86 127
86 126
86 125
86 123
86 116
86 112
86 111
86 110
86 103
86 97
86 91
87 146
87 134
87 133
87 123
87 119
87 99
87 97
87 94
87 92
87 90
87 89
88 149
88 138
88 133
88 127
88 99
88 97
88 96
88 95
88 94
88 92
88 91
88 90
88 89
89 119
89 106
89 99
89 98
89 97
89 96
89 95
89 94
89 93
89 92
89 91
89 90
90 134
90 133
90 119
90 106
90 99
90 98
90 97
90 96
90 95
90 94
90 93
90 92
90 91
91 149
91 147
91 142
91 138
91 137
91 134
91 133
91 127
91 126
91 123
91 116
91 111
91 110
91 103
91 101
91 99
91 97
91 96
91 95
91 94
91 92
92 134
92 133
92 119
92 99
92 98
92 97
92 96
92 95
92 94
92 93
93 98
94 149
94 142
94 138
94 134
94 133
94 126
94 119
94 106
94 101
94 99
94 98
94 97
94 96
94 95
95 149
95 138
95 133
95 127
95 99
95 97
95 96
96 149
96 138
96 134
96 133
96 127
96 126
96 99
96 97
97 149
97 138
97 134
97 133
97 127
97 126
97 123
97 99
98 99
99 149
99 138
99 134
99 133
99 127
99 126
100 148
100 147
100 145
100 144
100 143
100 141
100 140
100 139
100 136
100 132
100 128
100 124
100 120
100 115
100 114
100 112
100 110
100 109
100 104
101 149
101 147
101 146
101 142
101 138
101 137
101 134
101 133
101 132
101 128
101 127
101 126
101 123
101 121
101 119
101 116
101 114
101 113
101 111
101 110
101 108
101 106
101 104
101 103
102 147
102 145
102 144
102 143
102 141
102 140
102 139
102 137
102 135
102 132
102 130
102 129
102 128
102 125
102 124
102 122
102 120
102 116
102 115
102 112
102 111
102 110
102 108
102 107
102 105
102 104
102 103
103 149
103 148
103 147
103 146
103 145
103 143
103 142
103 141
103 140
103 139
103 138
103 137
103 134
103 133
103 132
103 129
103 128
103 127
103 126
103 125
103 124
103 123
103 121
103 120
103 116
103 115
103 113
103 112
103 111
103 110
103 108
103 104
104 149
104 148
104 147
104 146
104 145
104 144
104 143
104 142
104 141
104 140
104 139
104 138
104 137
104 136
104 132
104 130
104 128
104 127
104 126
104 125
104 124
104 123
104 120
104 116
104 115
104 114
104 112
104 111
104 110
104 108
104 107
105 143
105 139
105 135
105 130
105 129
105 125
105 122
105 120
105 118
105 112
105 107
106 142
106 121
106 113
107 143
107 139
107 137
107 135
107 130
107 129
107 125
107 124
107 122
107 120
107 118
107 116
107 112
107 108
108 147
108 146
108 142
108 139
108 137
108 134
108 133
108 132
108 130
108 129
108 128
108 126
108 123
108 119
108 116
108 112
108 111
109 144
109 143
109 141
109 140
109 136
109 135
109 124
109 120
109 117
110 149
110 148
110 147
110 145
110 144
110 143
110 142
110 141
110 140
110 139
110 138
110 137
110 136
110 133
110 132
110 129
110 128
110 127
110 126
110 125
110 124
110 123
110 120
110 116
110 115
110 112
110 111
111 149
111 147
111 146
111 145
111 142
111 141
111 140
111 139
111 138
111 137
111 134
111 133
111 132
111 129
111 128
111 127
111 126
111 124
111 123
111 121
111 119
111 116
111 115
111 114
111 113
111 112
112 149
112 148
112 147
112 146
112 145
112 144
112 143
112 141
112 140
112 139
112 138
112 137
112 136
112 135
112 132
112 130
112 129
112 128
112 127
112 126
112 125
112 124
112 123
112 120
112 116
112 115
113 149
113 146
113 142
113 138
113 134
113 133
113 132
113 128
113 127
113 126
113 123
113 121
113 119
113 114
114 149
114 148
114 147
114 146
114 145
114 142
114 140
114 138
114 136
114 132
114 128
114 127
114 126
114 123
114 121
114 115
115 149
115 148
115 147
115 145
115 144
115 143
115 141
115 140
115 139
115 138
115 137
115 136
115 132
115 128
115 127
115 126
115 124
115 120
115 116
116 149
116 148
116 147
116 146
116 145
116 143
116 142
116 141
116 140
116 139
116 138
116 137
116 134
116 133
116 132
116 130
116 129
116 128
116 127
116 126
116 125
116 124
116 123
116 121
116 120
117 131
118 135
118 130
118 122
119 146
119 142
119 134
119 133
119 126
119 123
120 148
120 147
120 145
120 144
120 143
120 141
120 140
120 139
120 137
120 136
120 135
120 132
120 130
120 128
120 125
120 124
121 149
121 147
121 146
121 142
121 138
121 137
121 133
121 132
121 128
121 127
121 126
121 123
122 135
122 130
122 129
122 125
123 149
123 147
123 146
123 145
123 142
123 139
123 138
123 137
123 134
123 133
123 132
123 128
123 127
123 126
124 148
124 147
124 145
124 144
124 143
124 141
124 140
124 139
124 137
124 136
124 132
124 129
124 128
124 127
124 125
125 147
125 145
125 143
125 141
125 140
125 139
125 137
125 135
125 130
125 129
126 149
126 147
126 146
126 145
126 142
126 139
126 138
126 137
126 134
126 133
126 132
126 128
126 127
127 149
127 148
127 147
127 146
127 145
127 142
127 139
127 138
127 137
127 134
127 133
127 132
127 128
128 149
128 148
128 147
128 146
128 145
128 144
128 143
128 142
128 141
128 140
128 139
128 138
128 137
128 136
128 133
128 132
129 147
129 139
129 137
129 133
129 130
130 143
130 139
130 135
132 149
132 148
132 147
132 146
132 145
132 144
132 143
132 142
132 141
132 140
132 139
132 138
132 137
132 136
133 149
133 147
133 146
133 142
133 138
133 137
133 134
134 149
134 146
134 142
134 138
134 137
135 143
135 141
135 140
135 139
136 148
136 147
136 145
136 144
136 143
136 141
136 140
136 139
136 137
137 149
137 148
137 147
137 146
137 145
137 143
137 142
137 141
137 140
137 139
137 138
138 149
138 148
138 147
138 146
138 145
138 142
139 148
139 147
139 145
139 144
139 143
139 141
139 140
140 148
140 147
140 145
140 144
140 143
140 141
141 148
141 147
141 145
141 144
141 143
142 149
142 147
142 146
143 148
143 147
143 145
143 144
144 148
144 147
144 145
145 148
145 147
145 146
146 149
146 147
147 149
147 148
148 149
