0 49
0 48
0 47
0 46
0 45
0 44
0 43
0 42
0 40
0 39
0 38
0 37
0 36
0 35
0 34
0 32
0 31
0 30
0 29
0 28
0 27
0 26
0 25
0 24
0 23
0 22
0 21
0 20
0 19
0 18
0 17
0 16
0 14
0 12
0 11
0 10
0 9
0 7
0 6
0 5
0 4
0 3
0 2
0 1
1 49
1 47
1 45
1 43
1 42
1 40
1 39
1 38
1 37
1 36
1 35
1 34
1 31
1 30
1 29
1 28
1 27
1 26
1 25
1 24
1 23
1 22
1 20
1 17
1 13
1 12
1 11
1 9
1 8
1 7
1 6
1 4
1 3
1 2
2 49
2 48
2 47
2 46
2 45
2 43
2 42
2 40
2 39
2 38
2 37
2 36
2 35
2 34
2 31
2 30
2 29
2 28
2 27
2 26
2 25
2 24
2 23
2 22
2 21
2 20
2 19
2 17
2 13
2 12
2 11
2 10
2 9
2 8
2 7
2 6
2 4
2 3
3 49
3 47
3 45
3 43
3 42
3 40
3 39
3 38
3 37
3 35
3 34
3 31
3 30
3 29
3 28
3 27
3 26
3 25
3 24
3 23
3 22
3 21
3 20
3 17
3 13
3 12
3 11
3 9
3 8
3 7
3 6
3 4
4 49
4 48
4 47
4 46
4 45
4 44
4 43
4 42
4 40
4 39
4 37
4 36
4 35
4 34
4 33
4 32
4 31
4 30
4 29
4 28
4 27
4 26
4 25
4 24
4 23
4 22
4 21
4 20
4 19
4 18
4 17
4 16
4 14
4 12
4 11
4 10
4 9
4 7
4 6
4 5
5 49
5 48
5 46
5 44
5 43
5 40
5 39
5 37
5 36
5 33
5 32
5 31
5 28
5 27
5 26
5 24
5 23
5 22
5 21
5 20
5 19
5 18
5 17
5 16
5 15
5 14
5 11
5 10
5 7
6 49
6 48
6 47
6 46
6 45
6 44
6 43
6 42
6 40
6 39
6 38
6 37
6 36
6 35
6 34
6 31
6 30
6 29
6 28
6 27
6 26
6 25
6 24
6 23
6 22
6 21
6 20
6 19
6 17
6 13
6 12
6 11
6 10
6 9
6 8
6 7
7 49
7 48
7 47
7 46
7 45
7 44
7 43
7 42
7 40
7 39
7 38
7 37
7 36
7 35
7 34
7 32
7 31
7 30
7 29
7 28
7 27
7 26
7 25
7 24
7 23
7 22
7 21
7 20
7 19
7 18
7 17
7 16
7 13
7 12
7 11
7 10
7 9
7 8
8 49
8 47
8 45
8 42
8 41
8 39
8 38
8 35
8 34
8 30
8 29
8 26
8 25
8 24
8 23
8 13
8 12
8 11
8 9
9 49
9 48
9 47
9 45
9 43
9 42
9 40
9 39
9 38
9 37
9 36
9 35
9 34
9 31
9 30
9 29
9 28
9 27
9 26
9 25
9 24
9 23
9 22
9 21
9 20
9 17
9 13
9 12
9 11
9 10
10 49
10 48
10 46
10 44
10 43
10 40
10 39
10 37
10 36
10 35
10 34
10 33
10 32
10 31
10 29
10 28
10 27
10 26
10 24
10 23
10 22
10 21
10 20
10 19
10 18
10 17
10 16
10 14
10 11
11 49
11 48
11 47
11 46
11 45
11 44
11 43
11 42
11 40
11 39
11 38
11 37
11 36
11 35
11 34
11 31
11 30
11 29
11 28
11 27
11 26
11 25
11 24
11 23
11 22
11 21
11 20
11 19
11 17
11 16
11 13
11 12
12 49
12 47
12 45
12 42
12 40
12 39
12 38
12 37
12 36
12 35
12 34
12 31
12 30
12 29
12 28
12 27
12 26
12 25
12 24
12 23
12 22
12 20
12 17
12 13
13 49
13 47
13 45
13 42
13 40
13 39
13 38
13 35
13 34
13 30
13 29
13 26
13 25
13 24
13 22
14 48
14 46
14 44
14 36
14 33
14 32
14 31
14 27
14 21
14 20
14 19
14 18
14 17
14 16
14 15
15 33
15 32
15 18
15 16
16 49
16 48
16 46
16 44
16 43
16 40
16 39
16 37
16 36
16 33
16 32
16 31
16 28
16 27
16 26
16 24
16 23
16 22
16 21
16 20
16 19
16 18
16 17
17 49
17 48
17 47
17 46
17 45
17 44
17 43
17 42
17 40
17 39
17 38
17 37
17 36
17 35
17 34
17 32
17 31
17 30
17 29
17 28
17 27
17 26
17 25
17 24
17 23
17 22
17 21
17 20
17 19
17 18
18 49
18 48
18 46
18 44
18 43
18 40
18 39
18 37
18 36
18 33
18 32
18 31
18 28
18 27
18 26
18 23
18 21
18 20
18 19
19 49
19 48
19 47
19 46
19 44
19 43
19 40
19 39
19 37
19 36
19 35
19 34
19 33
19 32
19 31
19 29
19 28
19 27
19 26
19 24
19 23
19 22
19 21
19 20
20 49
20 48
20 47
20 46
20 45
20 44
20 43
20 42
20 40
20 39
20 37
20 36
20 35
20 34
20 31
20 30
20 29
20 28
20 27
20 26
20 25
20 24
20 23
20 22
20 21
21 49
21 48
21 47
21 46
21 44
21 43
21 42
21 40
21 39
21 37
21 36
21 35
21 34
21 33
21 32
21 31
21 30
21 29
21 28
21 27
21 26
21 24
21 23
21 22
22 49
22 48
22 47
22 46
22 45
22 44
22 43
22 42
22 40
22 39
22 38
22 37
22 36
22 35
22 34
22 32
22 31
22 30
22 29
22 28
22 27
22 26
22 25
22 24
22 23
23 49
23 48
23 47
23 46
23 45
23 44
23 43
23 42
23 40
23 39
23 38
23 37
23 36
23 35
23 34
23 31
23 30
23 29
23 28
23 27
23 26
23 25
23 24
24 49
24 48
24 47
24 46
24 45
24 44
24 43
24 42
24 40
24 39
24 38
24 37
24 36
24 35
24 34
24 31
24 30
24 29
24 28
24 27
24 26
24 25
25 49
25 47
25 45
25 43
25 42
25 40
25 39
25 38
25 37
25 36
25 35
25 34
25 31
25 30
25 29
25 28
25 27
25 26
26 49
26 48
26 47
26 46
26 45
26 44
26 43
26 42
26 40
26 39
26 38
26 37
26 36
26 35
26 34
26 31
26 30
26 29
26 28
26 27
27 49
27 48
27 47
27 46
27 45
27 44
27 43
27 42
27 40
27 39
27 37
27 36
27 35
27 34
27 32
27 31
27 30
27 29
27 28
28 49
28 48
28 47
28 46
28 45
28 44
28 43
28 42
28 40
28 39
28 38
28 37
28 36
28 35
28 34
28 32
28 31
28 30
28 29
29 49
29 48
29 47
29 46
29 45
29 44
29 43
29 42
29 40
29 39
29 38
29 37
29 36
29 35
29 34
29 31
29 30
30 49
30 48
30 47
30 45
30 43
30 42
30 40
30 39
30 38
30 37
30 36
30 35
30 34
30 31
31 49
31 48
31 47
31 46
31 45
31 44
31 43
31 40
31 39
31 37
31 36
31 35
31 34
32 48
32 46
32 44
32 40
32 39
32 37
32 36
32 33
33 48
33 46
33 44
33 36
34 49
34 48
34 47
34 46
34 45
34 43
34 42
34 40
34 39
34 38
34 37
34 36
34 35
35 49
35 48
35 47
35 46
35 45
35 44
35 43
35 42
35 40
35 39
35 38
35 37
35 36
36 49
36 48
36 47
36 46
36 45
36 44
36 43
36 40
36 39
36 37
37 49
37 48
37 47
37 46
37 45
37 44
37 43
37 42
37 40
37 39
37 38
38 49
38 47
38 45
38 42
38 41
38 40
38 39
39 49
39 48
39 47
39 46
39 45
39 44
39 43
39 42
39 40
40 49
40 48
40 47
40 46
40 45
40 44
40 43
40 42
42 49
42 47
42 45
42 43
43 49
43 48
43 47
43 46
43 45
43 44
44 49
44 48
44 46
45 49
45 47
46 49
46 48
46 47
47 49
47 48
48 49
