0 1
0 2
0 3
0 4
0 5
0 6
0 7
0 9
0 10
0 11
0 12
0 14
0 16
0 17
0 18
0 19
0 20
0 21
0 22
0 23
0 24
0 25
0 26
0 27
0 28
0 29
0 30
0 31
0 32
0 34
0 35
0 36
0 37
0 38
0 39
0 40
0 42
0 43
0 44
0 45
0 46
0 47
0 48
0 49
1 2
1 3
1 4
1 6
1 7
1 8
1 9
1 11
1 12
1 13
1 17
1 20
1 22
1 23
1 24
1 25
1 26
1 27
1 28
1 29
1 30
1 31
1 34
1 35
1 36
1 37
1 38
1 39
1 40
1 42
1 43
1 45
1 47
1 49
2 3
2 4
2 6
2 7
2 8
2 9
2 10
2 11
2 12
2 13
2 17
2 19
2 20
2 21
2 22
2 23
2 24
2 25
2 26
2 27
2 28
2 29
2 30
2 31
2 34
2 35
2 36
2 37
2 38
2 39
2 40
2 42
2 43
2 45
2 46
2 47
2 48
2 49
3 4
3 6
3 7
3 8
3 9
3 11
3 12
3 13
3 17
3 20
3 21
3 22
3 23
3 24
3 25
3 26
3 27
3 28
3 29
3 30
3 31
3 34
3 35
3 37
3 38
3 39
3 40
3 42
3 43
3 45
3 47
3 49
4 5
4 6
4 7
4 9
4 10
4 11
4 12
4 14
4 16
4 17
4 18
4 19
4 20
4 21
4 22
4 23
4 24
4 25
4 26
4 27
4 28
4 29
4 30
4 31
4 32
4 33
4 34
4 35
4 36
4 37
4 39
4 40
4 42
4 43
4 44
4 45
4 46
4 47
4 48
4 49
5 7
5 10
5 11
5 14
5 15
5 16
5 17
5 18
5 19
5 20
5 21
5 22
5 23
5 24
5 26
5 27
5 28
5 31
5 32
5 33
5 36
5 37
5 39
5 40
5 43
5 44
5 46
5 48
5 49
6 7
6 8
6 9
6 10
6 11
6 12
6 13
6 17
6 19
6 20
6 21
6 22
6 23
6 24
6 25
6 26
6 27
6 28
6 29
6 30
6 31
6 34
6 35
6 36
6 37
6 38
6 39
6 40
6 42
6 43
6 44
6 45
6 46
6 47
6 48
6 49
7 8
7 9
7 10
7 11
7 12
7 13
7 16
7 17
7 18
7 19
7 20
7 21
7 22
7 23
7 24
7 25
7 26
7 27
7 28
7 29
7 30
7 31
7 32
7 34
7 35
7 36
7 37
7 38
7 39
7 40
7 42
7 43
7 44
7 45
7 46
7 47
7 48
7 49
8 9
8 11
8 12
8 13
8 23
8 24
8 25
8 26
8 29
8 30
8 34
8 35
8 38
8 39
8 41
8 42
8 45
8 47
8 49
9 10
9 11
9 12
9 13
9 17
9 20
9 21
9 22
9 23
9 24
9 25
9 26
9 27
9 28
9 29
9 30
9 31
9 34
9 35
9 36
9 37
9 38
9 39
9 40
9 42
9 43
9 45
9 47
9 48
9 49
10 11
10 14
10 16
10 17
10 18
10 19
10 20
10 21
10 22
10 23
10 24
10 26
10 27
10 28
10 29
10 31
10 32
10 33
10 34
10 35
10 36
10 37
10 39
10 40
10 43
10 44
10 46
10 48
10 49
11 12
11 13
11 16
11 17
11 19
11 20
11 21
11 22
11 23
11 24
11 25
11 26
11 27
11 28
11 29
11 30
11 31
11 34
11 35
11 36
11 37
11 38
11 39
11 40
11 42
11 43
11 44
11 45
11 46
11 47
11 48
11 49
12 13
12 17
12 20
12 22
12 23
12 24
12 25
12 26
12 27
12 28
12 29
12 30
12 31
12 34
12 35
12 36
12 37
12 38
12 39
12 40
12 42
12 45
12 47
12 49
13 22
13 24
13 25
13 26
13 29
13 30
13 34
13 35
13 38
13 39
13 40
13 42
13 45
13 47
13 49
14 15
14 16
14 17
14 18
14 19
14 20
14 21
14 27
14 31
14 32
14 33
14 36
14 44
14 46
14 48
15 16
15 18
15 32
15 33
16 17
16 18
16 19
16 20
16 21
16 22
16 23
16 24
16 26
16 27
16 28
16 31
16 32
16 33
16 36
16 37
16 39
16 40
16 43
16 44
16 46
16 48
16 49
17 18
17 19
17 20
17 21
17 22
17 23
17 24
17 25
17 26
17 27
17 28
17 29
17 30
17 31
17 32
17 34
17 35
17 36
17 37
17 38
17 39
17 40
17 42
17 43
17 44
17 45
17 46
17 47
17 48
17 49
18 19
18 20
18 21
18 23
18 26
18 27
18 28
18 31
18 32
18 33
18 36
18 37
18 39
18 40
18 43
18 44
18 46
18 48
18 49
19 20
19 21
19 22
19 23
19 24
19 26
19 27
19 28
19 29
19 31
19 32
19 33
19 34
19 35
19 36
19 37
19 39
19 40
19 43
19 44
19 46
19 47
19 48
19 49
20 21
20 22
20 23
20 24
20 25
20 26
20 27
20 28
20 29
20 30
20 31
20 34
20 35
20 36
20 37
20 39
20 40
20 42
20 43
20 44
20 45
20 46
20 47
20 48
20 49
21 22
21 23
21 24
21 26
21 27
21 28
21 29
21 30
21 31
21 32
21 33
21 34
21 35
21 36
21 37
21 39
21 40
21 42
21 43
21 44
21 46
21 47
21 48
21 49
22 23
22 24
22 25
22 26
22 27
22 28
22 29
22 30
22 31
22 32
22 34
22 35
22 36
22 37
22 38
22 39
22 40
22 42
22 43
22 44
22 45
22 46
22 47
22 48
22 49
23 24
23 25
23 26
23 27
23 28
23 29
23 30
23 31
23 34
23 35
23 36
23 37
23 38
23 39
23 40
23 42
23 43
23 44
23 45
23 46
23 47
23 48
23 49
24 25
24 26
24 27
24 28
24 29
24 30
24 31
24 34
24 35
24 36
24 37
24 38
24 39
24 40
24 42
24 43
24 44
24 45
24 46
24 47
24 48
24 49
25 26
25 27
25 28
25 29
25 30
25 31
25 34
25 35
25 36
25 37
25 38
25 39
25 40
25 42
25 43
25 45
25 47
25 49
26 27
26 28
26 29
26 30
26 31
26 34
26 35
26 36
26 37
26 38
26 39
26 40
26 42
26 43
26 44
26 45
26 46
26 47
26 48
26 49
27 28
27 29
27 30
27 31
27 32
27 34
27 35
27 36
27 37
27 39
27 40
27 42
27 43
27 44
27 45
27 46
27 47
27 48
27 49
28 29
28 30
28 31
28 32
28 34
28 35
28 36
28 37
28 38
28 39
28 40
28 42
28 43
28 44
28 45
28 46
28 47
28 48
28 49
29 30
29 31
29 34
29 35
29 36
29 37
29 38
29 39
29 40
29 42
29 43
29 44
29 45
29 46
29 47
29 48
29 49
30 31
30 34
30 35
30 36
30 37
30 38
30 39
30 40
30 42
30 43
30 45
30 47
30 48
30 49
31 34
31 35
31 36
31 37
31 39
31 40
31 43
31 44
31 45
31 46
31 47
31 48
31 49
32 33
32 36
32 37
32 39
32 40
32 44
32 46
32 48
33 36
33 44
33 46
33 48
34 35
34 36
34 37
34 38
34 39
34 40
34 42
34 43
34 45
34 46
34 47
34 48
34 49
35 36
35 37
35 38
35 39
35 40
35 42
35 43
35 44
35 45
35 46
35 47
35 48
35 49
36 37
36 39
36 40
36 43
36 44
36 45
36 46
36 47
36 48
36 49
37 38
37 39
37 40
37 42
37 43
37 44
37 45
37 46
37 47
37 48
37 49
38 39
38 40
38 41
38 42
38 45
38 47
38 49
39 40
39 42
39 43
39 44
39 45
39 46
39 47
39 48
39 49
40 42
40 43
40 44
40 45
40 46
40 47
40 48
40 49
42 43
42 45
42 47
42 49
43 44
43 45
43 46
43 47
43 48
43 49
44 46
44 48
44 49
45 47
45 49
46 47
46 48
46 49
47 48
47 49
48 49
50 51
50 52
50 54
50 56
50 58
50 63
50 65
50 74
50 75
50 76
50 77
50 86
50 91
50 97
50 110
50 116
50 125
50 129
50 133
50 137
51 52
51 54
51 55
51 56
51 58
51 61
51 63
51 65
51 66
51 70
51 71
51 73
51 74
51 75
51 76
51 77
51 78
51 83
51 84
51 85
51 86
51 88
51 91
51 95
51 96
51 97
51 99
51 103
51 110
51 111
51 116
51 123
51 126
51 127
51 133
51 137
51 138
51 147
51 149
52 54
52 56
52 58
52 63
52 65
52 73
52 74
52 75
52 76
52 77
52 78
52 85
52 86
52 91
52 97
52 103
52 110
52 111
52 112
52 116
52 123
52 125
52 126
52 127
52 129
52 133
52 137
52 138
52 139
52 147
53 55
53 57
53 59
53 60
53 62
53 64
53 67
53 68
53 69
53 71
53 72
53 73
53 79
53 80
53 81
53 82
53 87
53 88
53 89
53 90
53 92
53 93
53 94
53 96
53 98
53 99
53 106
53 119
54 55
54 56
54 58
54 61
54 63
54 65
54 66
54 68
54 70
54 71
54 72
54 73
54 74
54 75
54 76
54 77
54 78
54 82
54 83
54 85
54 86
54 87
54 88
54 91
54 92
54 94
54 95
54 96
54 97
54 99
54 101
54 103
54 108
54 110
54 111
54 116
54 119
54 123
54 126
54 127
54 129
54 133
54 134
54 137
54 138
54 142
54 146
54 147
54 149
55 56
55 58
55 59
55 61
55 63
55 64
55 66
55 67
55 68
55 69
55 70
55 71
55 72
55 73
55 74
55 75
55 78
55 79
55 80
55 81
55 82
55 83
55 84
55 85
55 87
55 88
55 89
55 90
55 91
55 92
55 94
55 95
55 96
55 97
55 99
55 101
55 119
55 123
55 126
55 127
55 133
55 134
55 138
55 142
55 149
56 58
56 61
56 63
56 65
56 66
56 70
56 71
56 73
56 74
56 75
56 76
56 77
56 78
56 83
56 84
56 85
56 86
56 88
56 91
56 95
56 96
56 97
56 103
56 110
56 111
56 116
56 123
56 124
56 126
56 127
56 133
56 137
56 138
56 147
56 149
57 59
57 60
57 69
57 79
57 80
57 81
57 89
57 90
57 93
57 98
58 61
58 63
58 65
58 66
58 67
58 71
58 72
58 73
58 74
58 75
58 76
58 77
58 78
58 82
58 83
58 85
58 86
58 87
58 88
58 91
58 92
58 94
58 95
58 96
58 97
58 99
58 103
58 111
58 116
58 123
58 126
58 127
58 129
58 133
58 134
58 137
58 138
59 61
59 63
59 64
59 66
59 67
59 69
59 71
59 73
59 78
59 79
59 80
59 81
59 82
59 84
59 88
59 89
59 90
59 92
59 93
59 94
59 95
59 96
59 98
59 99
59 106
60 69
60 80
60 81
60 89
60 93
60 98
61 63
61 64
61 65
61 66
61 67
61 69
61 70
61 71
61 72
61 73
61 74
61 75
61 76
61 77
61 78
61 79
61 82
61 83
61 84
61 85
61 86
61 88
61 89
61 90
61 91
61 92
61 94
61 95
61 96
61 97
61 99
61 101
61 103
61 121
61 123
61 126
61 127
61 133
61 134
61 137
61 138
61 142
61 149
62 67
62 68
62 69
62 71
62 72
62 73
62 79
62 80
62 81
62 82
62 87
62 89
62 90
62 92
62 94
62 99
62 119
63 64
63 65
63 66
63 67
63 68
63 69
63 70
63 71
63 72
63 73
63 74
63 75
63 76
63 77
63 78
63 82
63 83
63 84
63 85
63 86
63 87
63 88
63 89
63 90
63 91
63 92
63 94
63 95
63 96
63 97
63 99
63 101
63 103
63 111
63 116
63 121
63 123
63 126
63 127
63 133
63 134
63 137
63 138
63 142
63 146
63 147
63 149
64 66
64 67
64 69
64 71
64 73
64 74
64 78
64 79
64 80
64 81
64 82
64 84
64 88
64 89
64 90
64 91
64 92
64 94
64 95
64 96
64 97
64 98
64 99
65 70
65 71
65 72
65 73
65 74
65 75
65 76
65 77
65 78
65 83
65 85
65 86
65 91
65 95
65 96
65 97
65 103
65 110
65 116
65 123
65 126
65 127
65 129
65 133
65 137
65 138
65 147
66 67
66 69
66 70
66 71
66 72
66 73
66 74
66 75
66 78
66 82
66 83
66 84
66 85
66 88
66 89
66 90
66 91
66 92
66 94
66 95
66 96
66 97
66 99
66 101
66 103
66 106
66 121
66 123
66 126
66 127
66 133
66 134
66 138
66 142
66 149
67 69
67 71
67 72
67 73
67 74
67 78
67 79
67 80
67 81
67 82
67 84
67 87
67 88
67 89
67 90
67 91
67 92
67 94
67 95
67 96
67 97
67 98
67 99
68 69
68 71
68 72
68 73
68 78
68 80
68 82
68 83
68 87
68 89
68 90
68 92
68 94
68 113
68 119
68 123
68 126
68 133
68 134
68 146
69 71
69 73
69 74
69 78
69 79
69 80
69 81
69 82
69 84
69 87
69 88
69 89
69 90
69 92
69 93
69 94
69 95
69 96
69 97
69 98
69 99
70 74
70 75
70 77
70 78
70 83
70 84
70 85
70 86
70 88
70 91
70 95
70 96
70 97
70 99
70 101
70 103
70 110
70 111
70 115
70 116
70 121
70 123
70 126
70 127
70 128
70 133
70 137
70 138
70 142
70 147
70 148
70 149
71 72
71 73
71 74
71 75
71 76
71 78
71 79
71 80
71 81
71 82
71 83
71 84
71 85
71 86
71 87
71 88
71 89
71 90
71 91
71 92
71 94
71 95
71 96
71 97
71 99
71 123
71 126
71 127
71 133
71 134
71 138
71 149
72 73
72 74
72 75
72 76
72 77
72 78
72 82
72 83
72 86
72 87
72 89
72 90
72 91
72 92
72 94
72 96
72 97
72 99
72 101
72 103
72 108
72 111
72 113
72 116
72 119
72 123
72 126
72 127
72 133
72 134
72 137
72 138
72 142
72 146
72 149
73 74
73 75
73 76
73 77
73 78
73 79
73 80
73 82
73 83
73 84
73 86
73 87
73 88
73 89
73 90
73 91
73 92
73 94
73 95
73 96
73 97
73 99
73 119
73 123
73 126
73 127
73 133
73 134
73 138
73 149
74 75
74 76
74 77
74 78
74 79
74 82
74 83
74 84
74 85
74 86
74 87
74 88
74 90
74 91
74 92
74 94
74 95
74 96
74 97
74 99
74 116
74 123
74 126
74 127
74 133
74 134
74 138
74 149
75 76
75 77
75 78
75 82
75 83
75 85
75 86
75 88
75 91
75 92
75 95
75 96
75 97
75 99
75 103
75 110
75 111
75 116
75 123
75 126
75 127
75 133
75 134
75 137
75 138
75 147
75 149
76 77
76 78
76 83
76 86
76 87
76 91
76 97
76 103
76 108
76 111
76 116
76 123
76 126
76 127
76 129
76 133
76 134
76 137
76 138
76 146
76 147
77 78
77 83
77 85
77 86
77 91
77 97
77 101
77 102
77 103
77 104
77 107
77 108
77 110
77 111
77 112
77 115
77 116
77 120
77 123
77 124
77 125
77 126
77 127
77 128
77 129
77 130
77 132
77 133
77 134
77 137
77 138
77 139
77 141
77 142
77 145
77 146
77 147
77 149
78 82
78 83
78 84
78 85
78 86
78 87
78 88
78 89
78 90
78 91
78 92
78 94
78 95
78 96
78 97
78 99
78 101
78 103
78 110
78 111
78 113
78 116
78 121
78 123
78 126
78 127
78 133
78 134
78 137
78 138
78 142
78 146
78 147
78 149
79 80
79 81
79 82
79 87
79 88
79 89
79 90
79 92
79 93
79 94
79 95
79 96
79 97
79 98
79 99
80 81
80 82
80 87
80 88
80 89
80 90
80 92
80 93
80 94
80 95
80 96
80 98
80 99
81 82
81 87
81 88
81 89
81 90
81 92
81 93
81 94
81 95
81 96
81 98
81 99
82 83
82 84
82 87
82 88
82 89
82 90
82 91
82 92
82 94
82 95
82 96
82 97
82 98
82 99
82 133
83 84
83 86
83 87
83 88
83 89
83 90
83 91
83 92
83 94
83 95
83 96
83 97
83 99
83 101
83 103
83 108
83 111
83 113
83 116
83 119
83 121
83 123
83 126
83 127
83 128
83 132
83 133
83 134
83 137
83 138
83 142
83 146
83 147
83 149
84 85
84 88
84 89
84 90
84 91
84 92
84 94
84 95
84 96
84 97
84 99
84 101
84 106
84 121
84 126
84 127
84 133
84 138
84 142
84 149
85 86
85 88
85 91
85 95
85 96
85 97
85 99
85 110
85 116
85 126
85 127
85 133
85 137
85 138
85 147
85 149
86 91
86 97
86 103
86 110
86 111
86 112
86 116
86 123
86 125
86 126
86 127
86 129
86 133
86 137
86 138
86 139
86 147
86 149
87 89
87 90
87 92
87 94
87 97
87 99
87 119
87 123
87 133
87 134
87 146
88 89
88 90
88 91
88 92
88 94
88 95
88 96
88 97
88 99
88 127
88 133
88 138
88 149
89 90
89 91
89 92
89 93
89 94
89 95
89 96
89 97
89 98
89 99
89 106
89 119
90 91
90 92
90 93
90 94
90 95
90 96
90 97
90 98
90 99
90 106
90 119
90 133
90 134
91 92
91 94
91 95
91 96
91 97
91 99
91 101
91 103
91 110
91 111
91 116
91 123
91 126
91 127
91 133
91 134
91 137
91 138
91 142
91 147
91 149
92 93
92 94
92 95
92 96
92 97
92 98
92 99
92 119
92 133
92 134
93 98
94 95
94 96
94 97
94 98
94 99
94 101
94 106
94 119
94 126
94 133
94 134
94 138
94 142
94 149
95 96
95 97
95 99
95 127
95 133
95 138
95 149
96 97
96 99
96 126
96 127
96 133
96 134
96 138
96 149
97 99
97 123
97 126
97 127
97 133
97 134
97 138
97 149
98 99
99 126
99 127
99 133
99 134
99 138
99 149
100 104
100 109
100 110
100 112
100 114
100 115
100 120
100 124
100 128
100 132
100 136
100 139
100 140
100 141
100 143
100 144
100 145
100 147
100 148
101 103
101 104
101 106
101 108
101 110
101 111
101 113
101 114
101 116
101 119
101 121
101 123
101 126
101 127
101 128
101 132
101 133
101 134
101 137
101 138
101 142
101 146
101 147
101 149
102 103
102 104
102 105
102 107
102 108
102 110
102 111
102 112
102 115
102 116
102 120
102 122
102 124
102 125
102 128
102 129
102 130
102 132
102 135
102 137
102 139
102 140
102 141
102 143
102 144
102 145
102 147
103 104
103 108
103 110
103 111
103 112
103 113
103 115
103 116
103 120
103 121
103 123
103 124
103 125
103 126
103 127
103 128
103 129
103 132
103 133
103 134
103 137
103 138
103 139
103 140
103 141
103 142
103 143
103 145
103 146
103 147
103 148
103 149
104 107
104 108
104 110
104 111
104 112
104 114
104 115
104 116
104 120
104 123
104 124
104 125
104 126
104 127
104 128
104 130
104 132
104 136
104 137
104 138
104 139
104 140
104 141
104 142
104 143
104 144
104 145
104 146
104 147
104 148
104 149
105 107
105 112
105 118
105 120
105 122
105 125
105 129
105 130
105 135
105 139
105 143
106 113
106 121
106 142
107 108
107 112
107 116
107 118
107 120
107 122
107 124
107 125
107 129
107 130
107 135
107 137
107 139
107 143
108 111
108 112
108 116
108 119
108 123
108 126
108 128
108 129
108 130
108 132
108 133
108 134
108 137
108 139
108 142
108 146
108 147
109 117
109 120
109 124
109 135
109 136
109 140
109 141
109 143
109 144
110 111
110 112
110 115
110 116
110 120
110 123
110 124
110 125
110 126
110 127
110 128
110 129
110 132
110 133
110 136
110 137
110 138
110 139
110 140
110 141
110 142
110 143
110 144
110 145
110 147
110 148
110 149
111 112
111 113
111 114
111 115
111 116
111 119
111 121
111 123
111 124
111 126
111 127
111 128
111 129
111 132
111 133
111 134
111 137
111 138
111 139
111 140
111 141
111 142
111 145
111 146
111 147
111 149
112 115
112 116
112 120
112 123
112 124
112 125
112 126
112 127
112 128
112 129
112 130
112 132
112 135
112 136
112 137
112 138
112 139
112 140
112 141
112 143
112 144
112 145
112 146
112 147
112 148
112 149
113 114
113 119
113 121
113 123
113 126
113 127
113 128
113 132
113 133
113 134
113 138
113 142
113 146
113 149
114 115
114 121
114 123
114 126
114 127
114 128
114 132
114 136
114 138
114 140
114 142
114 145
114 146
114 147
114 148
114 149
115 116
115 120
115 124
115 126
115 127
115 128
115 132
115 136
115 137
115 138
115 139
115 140
115 141
115 143
115 144
115 145
115 147
115 148
115 149
116 120
116 121
116 123
116 124
116 125
116 126
116 127
116 128
116 129
116 130
116 132
116 133
116 134
116 137
116 138
116 139
116 140
116 141
116 142
116 143
116 145
116 146
116 147
116 148
116 149
117 131
118 122
118 130
118 135
119 123
119 126
119 133
119 134
119 142
119 146
120 124
120 125
120 128
120 130
120 132
120 135
120 136
120 137
120 139
120 140
120 141
120 143
120 144
120 145
120 147
120 148
121 123
121 126
121 127
121 128
121 132
121 133
121 137
121 138
121 142
121 146
121 147
121 149
122 125
122 129
122 130
122 135
123 126
123 127
123 128
123 132
123 133
123 134
123 137
123 138
123 139
123 142
123 145
123 146
123 147
123 149
124 125
124 127
124 128
124 129
124 132
124 136
124 137
124 139
124 140
124 141
124 143
124 144
124 145
124 147
124 148
125 129
125 130
125 135
125 137
125 139
125 140
125 141
125 143
125 145
125 147
126 127
126 128
126 132
126 133
126 134
126 137
126 138
126 139
126 142
126 145
126 146
126 147
126 149
127 128
127 132
127 133
127 134
127 137
127 138
127 139
127 142
127 145
127 146
127 147
127 148
127 149
128 132
128 133
128 136
128 137
128 138
128 139
128 140
128 141
128 142
128 143
128 144
128 145
128 146
128 147
128 148
128 149
129 130
129 133
129 137
129 139
129 147
130 135
130 139
130 143
132 136
132 137
132 138
132 139
132 140
132 141
132 142
132 143
132 144
132 145
132 146
132 147
132 148
132 149
133 134
133 137
133 138
133 142
133 146
133 147
133 149
134 137
134 138
134 142
134 146
134 149
135 139
135 140
135 141
135 143
136 137
136 139
136 140
136 141
136 143
136 144
136 145
136 147
136 148
137 138
137 139
137 140
137 141
137 142
137 143
137 145
137 146
137 147
137 148
137 149
138 142
138 145
138 146
138 147
138 148
138 149
139 140
139 141
139 143
139 144
139 145
139 147
139 148
140 141
140 143
140 144
140 145
140 147
140 148
141 143
141 144
141 145
141 147
141 148
142 146
142 147
142 149
143 144
143 145
143 147
143 148
144 145
144 147
144 148
145 146
145 147
145 148
146 147
146 149
147 148
147 149
148 149
