50 51
50 52
50 53
50 54
50 55
50 56
50 58
50 59
50 61
50 62
50 63
50 64
50 65
50 66
50 67
50 68
50 69
50 70
50 71
50 72
50 73
50 74
50 75
50 76
50 77
50 78
50 79
50 80
50 81
50 82
50 83
50 84
50 85
50 86
50 87
50 88
50 89
50 90
50 91
50 92
50 94
50 95
50 96
50 97
50 99
50 100
50 101
50 102
50 103
50 104
50 105
50 107
50 108
50 109
50 110
50 111
50 112
50 113
50 114
50 115
50 116
50 119
50 120
50 121
50 123
50 124
50 125
50 126
50 127
50 128
50 129
50 130
50 131
50 132
50 133
50 134
50 135
50 136
50 137
50 138
50 139
50 140
50 141
50 142
50 143
50 144
50 145
50 146
50 147
50 148
50 149
51 52
51 53
51 54
51 55
51 56
51 58
51 59
51 61
51 62
51 63
51 64
51 65
51 66
51 67
51 68
51 69
51 70
51 71
51 72
51 73
51 74
51 75
51 76
51 77
51 78
51 79
51 80
51 81
51 82
51 83
51 84
51 85
51 86
51 87
51 88
51 89
51 90
51 91
51 92
51 93
51 94
51 95
51 96
51 97
51 99
51 100
51 101
51 102
51 103
51 104
51 106
51 107
51 108
51 109
51 110
51 111
51 112
51 113
51 114
51 115
51 116
51 119
51 120
51 121
51 123
51 124
51 125
51 126
51 127
51 128
51 129
51 130
51 132
51 133
51 134
51 136
51 137
51 138
51 139
51 140
51 141
51 142
51 143
51 144
51 145
51 146
51 147
51 148
51 149
52 53
52 54
52 55
52 56
52 58
52 59
52 61
52 62
52 63
52 64
52 65
52 66
52 67
52 68
52 69
52 70
52 71
52 72
52 73
52 74
52 75
52 76
52 77
52 78
52 79
52 80
52 81
52 82
52 83
52 84
52 85
52 86
52 87
52 88
52 89
52 90
52 91
52 92
52 94
52 95
52 96
52 97
52 99
52 100
52 101
52 102
52 103
52 104
52 105
52 107
52 108
52 109
52 110
52 111
52 112
52 113
52 114
52 115
52 116
52 119
52 120
52 121
52 122
52 123
52 124
52 125
52 126
52 127
52 128
52 129
52 130
52 131
52 132
52 133
52 134
52 135
52 136
52 137
52 138
52 139
52 140
52 141
52 142
52 143
52 144
52 145
52 146
52 147
52 148
52 149
53 54
53 55
53 56
53 57
53 58
53 59
53 60
53 61
53 62
53 63
53 64
53 65
53 66
53 67
53 68
53 69
53 70
53 71
53 72
53 73
53 74
53 75
53 76
53 77
53 78
53 79
53 80
53 81
53 82
53 83
53 84
53 85
53 86
53 87
53 88
53 89
53 90
53 91
53 92
53 93
53 94
53 95
53 96
53 97
53 99
53 101
53 103
53 106
53 110
53 111
53 113
53 114
53 115
53 116
53 119
53 121
53 123
53 126
53 127
53 128
53 132
53 133
53 134
53 137
53 138
53 142
53 145
53 146
53 147
53 149
54 55
54 56
54 58
54 59
54 60
54 61
54 62
54 63
54 64
54 65
54 66
54 67
54 68
54 69
54 70
54 71
54 72
54 73
54 74
54 75
54 76
54 77
54 78
54 79
54 80
54 81
54 82
54 83
54 84
54 85
54 86
54 87
54 88
54 89
54 90
54 91
54 92
54 93
54 94
54 95
54 96
54 97
54 99
54 100
54 101
54 102
54 103
54 104
54 106
54 107
54 108
54 109
54 110
54 111
54 112
54 113
54 114
54 115
54 116
54 119
54 120
54 121
54 123
54 124
54 125
54 126
54 127
54 128
54 129
54 130
54 132
54 133
54 134
54 135
54 136
54 137
54 138
54 139
54 140
54 141
54 142
54 143
54 144
54 145
54 146
54 147
54 148
54 149
55 56
55 57
55 58
55 59
55 60
55 61
55 62
55 63
55 64
55 65
55 66
55 67
55 68
55 69
55 70
55 71
55 72
55 73
55 74
55 75
55 76
55 77
55 78
55 79
55 80
55 81
55 82
55 83
55 84
55 85
55 86
55 87
55 88
55 89
55 90
55 91
55 92
55 93
55 94
55 95
55 96
55 97
55 99
55 100
55 101
55 103
55 104
55 106
55 108
55 110
55 111
55 112
55 113
55 114
55 115
55 116
55 119
55 120
55 121
55 123
55 124
55 126
55 127
55 128
55 129
55 132
55 133
55 134
55 136
55 137
55 138
55 139
55 140
55 141
55 142
55 143
55 144
55 145
55 146
55 147
55 148
55 149
56 58
56 59
56 61
56 62
56 63
56 64
56 65
56 66
56 67
56 68
56 69
56 70
56 71
56 72
56 73
56 74
56 75
56 76
56 77
56 78
56 79
56 80
56 81
56 82
56 83
56 84
56 85
56 86
56 87
56 88
56 89
56 90
56 91
56 92
56 94
56 95
56 96
56 97
56 99
56 100
56 101
56 102
56 103
56 104
56 106
56 107
56 108
56 109
56 110
56 111
56 112
56 113
56 114
56 115
56 116
56 119
56 120
56 121
56 123
56 124
56 125
56 126
56 127
56 128
56 129
56 130
56 132
56 133
56 134
56 135
56 136
56 137
56 138
56 139
56 140
56 141
56 142
56 143
56 144
56 145
56 146
56 147
56 148
56 149
57 59
57 60
57 61
57 62
57 63
57 64
57 66
57 67
57 68
57 69
57 71
57 73
57 74
57 78
57 79
57 80
57 81
57 82
57 84
57 85
57 87
57 88
57 89
57 90
57 91
57 92
57 93
57 94
57 95
57 96
57 97
57 99
57 106
57 119
57 121
57 138
58 59
58 61
58 62
58 63
58 64
58 65
58 66
58 67
58 68
58 69
58 70
58 71
58 72
58 73
58 74
58 75
58 76
58 77
58 78
58 79
58 80
58 81
58 82
58 83
58 84
58 85
58 86
58 87
58 88
58 89
58 90
58 91
58 92
58 94
58 95
58 96
58 97
58 99
58 100
58 101
58 102
58 103
58 104
58 106
58 107
58 108
58 110
58 111
58 112
58 113
58 114
58 115
58 116
58 119
58 120
58 121
58 123
58 124
58 125
58 126
58 127
58 128
58 129
58 130
58 132
58 133
58 134
58 135
58 136
58 137
58 138
58 139
58 140
58 141
58 142
58 143
58 144
58 145
58 146
58 147
58 148
58 149
59 60
59 61
59 62
59 63
59 64
59 65
59 66
59 67
59 68
59 69
59 70
59 71
59 72
59 73
59 74
59 75
59 76
59 77
59 78
59 79
59 80
59 81
59 82
59 83
59 84
59 85
59 86
59 87
59 88
59 89
59 90
59 91
59 92
59 93
59 94
59 95
59 96
59 97
59 99
59 101
59 103
59 106
59 110
59 111
59 113
59 114
59 115
59 116
59 119
59 121
59 123
59 126
59 127
59 133
59 134
59 137
59 138
59 142
59 146
59 147
59 149
60 61
60 62
60 63
60 64
60 66
60 67
60 68
60 69
60 71
60 72
60 73
60 74
60 78
60 79
60 80
60 81
60 82
60 83
60 84
60 85
60 87
60 88
60 89
60 90
60 91
60 92
60 93
60 94
60 95
60 96
60 97
60 99
60 101
60 106
60 113
60 119
60 121
60 126
60 138
60 142
61 62
61 63
61 64
61 65
61 66
61 67
61 68
61 69
61 70
61 71
61 72
61 73
61 74
61 75
61 76
61 77
61 78
61 79
61 80
61 81
61 82
61 83
61 84
61 85
61 86
61 87
61 88
61 89
61 90
61 91
61 92
61 93
61 94
61 95
61 96
61 97
61 99
61 100
61 101
61 103
61 104
61 106
61 108
61 110
61 111
61 112
61 113
61 114
61 115
61 116
61 119
61 120
61 121
61 123
61 124
61 126
61 127
61 128
61 129
61 132
61 133
61 134
61 136
61 137
61 138
61 139
61 140
61 141
61 142
61 143
61 144
61 145
61 146
61 147
61 148
61 149
62 63
62 64
62 65
62 66
62 67
62 68
62 69
62 70
62 71
62 72
62 73
62 74
62 75
62 76
62 77
62 78
62 79
62 80
62 81
62 82
62 83
62 84
62 85
62 86
62 87
62 88
62 89
62 90
62 91
62 92
62 93
62 94
62 95
62 96
62 97
62 99
62 101
62 103
62 106
62 108
62 110
62 111
62 113
62 114
62 116
62 119
62 121
62 123
62 126
62 127
62 128
62 133
62 134
62 137
62 138
62 142
62 145
62 146
62 147
62 149
63 64
63 65
63 66
63 67
63 68
63 69
63 70
63 71
63 72
63 73
63 74
63 75
63 76
63 77
63 78
63 79
63 80
63 81
63 82
63 83
63 84
63 85
63 86
63 87
63 88
63 89
63 90
63 91
63 92
63 93
63 94
63 95
63 96
63 97
63 99
63 100
63 101
63 102
63 103
63 104
63 106
63 107
63 108
63 110
63 111
63 112
63 113
63 114
63 115
63 116
63 119
63 120
63 121
63 123
63 124
63 125
63 126
63 127
63 128
63 129
63 130
63 132
63 133
63 134
63 136
63 137
63 138
63 139
63 140
63 141
63 142
63 143
63 144
63 145
63 146
63 147
63 148
63 149
64 65
64 66
64 67
64 68
64 69
64 70
64 71
64 72
64 73
64 74
64 75
64 76
64 77
64 78
64 79
64 80
64 81
64 82
64 83
64 84
64 85
64 86
64 87
64 88
64 89
64 90
64 91
64 92
64 93
64 94
64 95
64 96
64 97
64 99
64 101
64 106
64 110
64 111
64 113
64 114
64 119
64 121
64 123
64 126
64 127
64 133
64 134
64 138
64 142
64 146
64 147
64 149
65 66
65 67
65 68
65 69
65 70
65 71
65 72
65 73
65 74
65 75
65 76
65 77
65 78
65 79
65 80
65 81
65 82
65 83
65 84
65 85
65 86
65 87
65 88
65 89
65 90
65 91
65 92
65 94
65 95
65 96
65 97
65 99
65 100
65 101
65 102
65 103
65 104
65 106
65 107
65 108
65 110
65 111
65 112
65 113
65 114
65 115
65 116
65 119
65 120
65 121
65 123
65 124
65 125
65 126
65 127
65 128
65 129
65 130
65 132
65 133
65 134
65 136
65 137
65 138
65 139
65 140
65 141
65 142
65 143
65 144
65 145
65 146
65 147
65 148
65 149
66 67
66 68
66 69
66 70
66 71
66 72
66 73
66 74
66 75
66 76
66 77
66 78
66 79
66 80
66 81
66 82
66 83
66 84
66 85
66 86
66 87
66 88
66 89
66 90
66 91
66 92
66 93
66 94
66 95
66 96
66 97
66 99
66 100
66 101
66 103
66 104
66 106
66 108
66 110
66 111
66 112
66 113
66 114
66 115
66 116
66 119
66 120
66 121
66 123
66 124
66 126
66 127
66 128
66 129
66 132
66 133
66 134
66 136
66 137
66 138
66 139
66 140
66 141
66 142
66 143
66 144
66 145
66 146
66 147
66 148
66 149
67 68
67 69
67 70
67 71
67 72
67 73
67 74
67 75
67 76
67 77
67 78
67 79
67 80
67 81
67 82
67 83
67 84
67 85
67 86
67 87
67 88
67 89
67 90
67 91
67 92
67 93
67 94
67 95
67 96
67 97
67 99
67 101
67 103
67 106
67 108
67 110
67 111
67 112
67 113
67 114
67 115
67 116
67 119
67 121
67 123
67 126
67 127
67 128
67 132
67 133
67 134
67 137
67 138
67 139
67 141
67 142
67 145
67 146
67 147
67 148
67 149
68 69
68 70
68 71
68 72
68 73
68 74
68 75
68 76
68 77
68 78
68 79
68 80
68 81
68 82
68 83
68 84
68 85
68 86
68 87
68 88
68 89
68 90
68 91
68 92
68 93
68 94
68 95
68 96
68 97
68 99
68 100
68 101
68 102
68 103
68 104
68 106
68 108
68 110
68 111
68 112
68 113
68 114
68 115
68 116
68 119
68 120
68 121
68 123
68 124
68 125
68 126
68 127
68 128
68 129
68 132
68 133
68 134
68 136
68 137
68 138
68 139
68 140
68 141
68 142
68 143
68 144
68 145
68 146
68 147
68 148
68 149
69 70
69 71
69 72
69 73
69 74
69 75
69 76
69 77
69 78
69 79
69 80
69 81
69 82
69 83
69 84
69 85
69 86
69 87
69 88
69 89
69 90
69 91
69 92
69 93
69 94
69 95
69 96
69 97
69 99
69 101
69 103
69 106
69 110
69 111
69 113
69 114
69 116
69 119
69 121
69 123
69 126
69 127
69 133
69 134
69 137
69 138
69 142
69 146
69 147
69 149
70 71
70 72
70 73
70 74
70 75
70 76
70 77
70 78
70 79
70 80
70 81
70 82
70 83
70 84
70 85
70 86
70 87
70 88
70 89
70 90
70 91
70 92
70 93
70 94
70 95
70 96
70 97
70 99
70 100
70 101
70 102
70 103
70 104
70 106
70 107
70 108
70 109
70 110
70 111
70 112
70 113
70 114
70 115
70 116
70 119
70 120
70 121
70 123
70 124
70 125
70 126
70 127
70 128
70 129
70 130
70 132
70 133
70 134
70 136
70 137
70 138
70 139
70 140
70 141
70 142
70 143
70 144
70 145
70 146
70 147
70 148
70 149
71 72
71 73
71 74
71 75
71 76
71 77
71 78
71 79
71 80
71 81
71 82
71 83
71 84
71 85
71 86
71 87
71 88
71 89
71 90
71 91
71 92
71 93
71 94
71 95
71 96
71 97
71 99
71 101
71 103
71 104
71 106
71 108
71 110
71 111
71 112
71 113
71 114
71 115
71 116
71 119
71 121
71 123
71 124
71 126
71 127
71 128
71 132
71 133
71 134
71 136
71 137
71 138
71 139
71 140
71 141
71 142
71 145
71 146
71 147
71 148
71 149
72 73
72 74
72 75
72 76
72 77
72 78
72 79
72 80
72 81
72 82
72 83
72 84
72 85
72 86
72 87
72 88
72 89
72 90
72 91
72 92
72 94
72 95
72 96
72 97
72 99
72 100
72 101
72 102
72 103
72 104
72 106
72 107
72 108
72 109
72 110
72 111
72 112
72 113
72 114
72 115
72 116
72 119
72 120
72 121
72 123
72 124
72 125
72 126
72 127
72 128
72 129
72 130
72 132
72 133
72 134
72 135
72 136
72 137
72 138
72 139
72 140
72 141
72 142
72 143
72 144
72 145
72 146
72 147
72 148
72 149
73 74
73 75
73 76
73 77
73 78
73 79
73 80
73 81
73 82
73 83
73 84
73 85
73 86
73 87
73 88
73 89
73 90
73 91
73 92
73 93
73 94
73 95
73 96
73 97
73 99
73 100
73 101
73 102
73 103
73 104
73 106
73 107
73 108
73 110
73 111
73 112
73 113
73 114
73 115
73 116
73 119
73 120
73 121
73 123
73 124
73 125
73 126
73 127
73 128
73 129
73 130
73 132
73 133
73 134
73 136
73 137
73 138
73 139
73 140
73 141
73 142
73 143
73 144
73 145
73 146
73 147
73 148
73 149
74 75
74 76
74 77
74 78
74 79
74 80
74 81
74 82
74 83
74 84
74 85
74 86
74 87
74 88
74 89
74 90
74 91
74 92
74 93
74 94
74 95
74 96
74 97
74 99
74 100
74 101
74 102
74 103
74 104
74 106
74 108
74 110
74 111
74 112
74 113
74 114
74 115
74 116
74 119
74 120
74 121
74 123
74 124
74 125
74 126
74 127
74 128
74 129
74 132
74 133
74 134
74 136
74 137
74 138
74 139
74 140
74 141
74 142
74 143
74 144
74 145
74 146
74 147
74 148
74 149
75 76
75 77
75 78
75 79
75 80
75 81
75 82
75 83
75 84
75 85
75 86
75 87
75 88
75 89
75 90
75 91
75 92
75 93
75 94
75 95
75 96
75 97
75 99
75 100
75 101
75 102
75 103
75 104
75 106
75 107
75 108
75 110
75 111
75 112
75 113
75 114
75 115
75 116
75 119
75 120
75 121
75 123
75 124
75 125
75 126
75 127
75 128
75 129
75 130
75 132
75 133
75 134
75 136
75 137
75 138
75 139
75 140
75 141
75 142
75 143
75 144
75 145
75 146
75 147
75 148
75 149
76 77
76 78
76 79
76 80
76 81
76 82
76 83
76 84
76 85
76 86
76 87
76 88
76 89
76 90
76 91
76 92
76 94
76 95
76 96
76 97
76 99
76 100
76 101
76 102
76 103
76 104
76 105
76 106
76 107
76 108
76 109
76 110
76 111
76 112
76 113
76 114
76 115
76 116
76 119
76 120
76 121
76 123
76 124
76 125
76 126
76 127
76 128
76 129
76 130
76 132
76 133
76 134
76 135
76 136
76 137
76 138
76 139
76 140
76 141
76 142
76 143
76 144
76 145
76 146
76 147
76 148
76 149
77 78
77 79
77 80
77 81
77 82
77 83
77 84
77 85
77 86
77 87
77 88
77 89
77 90
77 91
77 92
77 94
77 95
77 96
77 97
77 99
77 100
77 101
77 102
77 103
77 104
77 105
77 106
77 107
77 108
77 109
77 110
77 111
77 112
77 113
77 114
77 115
77 116
77 119
77 120
77 121
77 122
77 123
77 124
77 125
77 126
77 127
77 128
77 129
77 130
77 131
77 132
77 133
77 134
77 135
77 136
77 137
77 138
77 139
77 140
77 141
77 142
77 143
77 144
77 145
77 146
77 147
77 148
77 149
78 79
78 80
78 81
78 82
78 83
78 84
78 85
78 86
78 87
78 88
78 89
78 90
78 91
78 92
78 93
78 94
78 95
78 96
78 97
78 99
78 100
78 101
78 102
78 103
78 104
78 106
78 108
78 110
78 111
78 112
78 113
78 114
78 115
78 116
78 119
78 120
78 121
78 123
78 124
78 125
78 126
78 127
78 128
78 129
78 132
78 133
78 134
78 136
78 137
78 138
78 139
78 140
78 141
78 142
78 143
78 144
78 145
78 146
78 147
78 148
78 149
79 80
79 81
79 82
79 83
79 84
79 85
79 86
79 87
79 88
79 89
79 90
79 91
79 92
79 93
79 94
79 95
79 96
79 97
79 99
79 101
79 106
79 113
79 119
79 121
79 123
79 126
79 127
79 133
79 138
79 142
79 146
79 149
80 81
80 82
80 83
80 84
80 85
80 86
80 87
80 88
80 89
80 90
80 91
80 92
80 93
80 94
80 95
80 96
80 97
80 99
80 101
80 106
80 110
80 111
80 113
80 114
80 119
80 121
80 123
80 126
80 127
80 133
80 134
80 138
80 142
80 146
80 147
80 149
81 82
81 83
81 84
81 85
81 86
81 87
81 88
81 89
81 90
81 91
81 92
81 93
81 94
81 95
81 96
81 97
81 99
81 101
81 106
81 111
81 113
81 114
81 119
81 121
81 123
81 126
81 127
81 133
81 134
81 138
81 142
81 146
81 149
82 83
82 84
82 85
82 86
82 87
82 88
82 89
82 90
82 91
82 92
82 93
82 94
82 95
82 96
82 97
82 99
82 101
82 103
82 106
82 110
82 111
82 112
82 113
82 114
82 115
82 116
82 119
82 121
82 123
82 126
82 127
82 128
82 132
82 133
82 134
82 137
82 138
82 139
82 141
82 142
82 145
82 146
82 147
82 148
82 149
83 84
83 85
83 86
83 87
83 88
83 89
83 90
83 91
83 92
83 94
83 95
83 96
83 97
83 99
83 100
83 101
83 102
83 103
83 104
83 106
83 107
83 108
83 109
83 110
83 111
83 112
83 113
83 114
83 115
83 116
83 119
83 120
83 121
83 123
83 124
83 125
83 126
83 127
83 128
83 129
83 130
83 132
83 133
83 134
83 135
83 136
83 137
83 138
83 139
83 140
83 141
83 142
83 143
83 144
83 145
83 146
83 147
83 148
83 149
84 85
84 86
84 87
84 88
84 89
84 90
84 91
84 92
84 93
84 94
84 95
84 96
84 97
84 99
84 100
84 101
84 103
84 104
84 106
84 108
84 110
84 111
84 112
84 113
84 114
84 115
84 116
84 119
84 120
84 121
84 123
84 124
84 126
84 127
84 128
84 132
84 133
84 134
84 136
84 137
84 138
84 139
84 140
84 141
84 142
84 144
84 145
84 146
84 147
84 148
84 149
85 86
85 87
85 88
85 89
85 90
85 91
85 92
85 93
85 94
85 95
85 96
85 97
85 99
85 100
85 101
85 102
85 103
85 104
85 106
85 108
85 110
85 111
85 112
85 113
85 114
85 115
85 116
85 119
85 120
85 121
85 123
85 124
85 125
85 126
85 127
85 128
85 129
85 132
85 133
85 134
85 136
85 137
85 138
85 139
85 140
85 141
85 142
85 143
85 144
85 145
85 146
85 147
85 148
85 149
86 87
86 88
86 89
86 90
86 91
86 92
86 94
86 95
86 96
86 97
86 99
86 100
86 101
86 102
86 103
86 104
86 106
86 107
86 108
86 109
86 110
86 111
86 112
86 113
86 114
86 115
86 116
86 119
86 120
86 121
86 123
86 124
86 125
86 126
86 127
86 128
86 129
86 130
86 132
86 133
86 134
86 135
86 136
86 137
86 138
86 139
86 140
86 141
86 142
86 143
86 144
86 145
86 146
86 147
86 148
86 149
87 88
87 89
87 90
87 91
87 92
87 93
87 94
87 95
87 96
87 97
87 99
87 101
87 102
87 103
87 104
87 106
87 108
87 110
87 111
87 112
87 113
87 114
87 115
87 116
87 119
87 120
87 121
87 123
87 124
87 125
87 126
87 127
87 128
87 129
87 132
87 133
87 134
87 136
87 137
87 138
87 139
87 140
87 141
87 142
87 143
87 144
87 145
87 146
87 147
87 148
87 149
88 89
88 90
88 91
88 92
88 93
88 94
88 95
88 96
88 97
88 99
88 101
88 103
88 104
88 106
88 110
88 111
88 112
88 113
88 114
88 115
88 116
88 119
88 121
88 123
88 124
88 126
88 127
88 128
88 132
88 133
88 134
88 136
88 137
88 138
88 139
88 141
88 142
88 145
88 146
88 147
88 148
88 149
89 90
89 91
89 92
89 93
89 94
89 95
89 96
89 97
89 99
89 101
89 103
89 106
89 110
89 111
89 113
89 114
89 115
89 116
89 119
89 121
89 123
89 126
89 127
89 128
89 132
89 133
89 134
89 137
89 138
89 142
89 145
89 146
89 147
89 148
89 149
90 91
90 92
90 93
90 94
90 95
90 96
90 97
90 99
90 101
90 103
90 104
90 106
90 108
90 110
90 111
90 112
90 113
90 114
90 115
90 116
90 119
90 121
90 123
90 124
90 126
90 127
90 128
90 132
90 133
90 134
90 136
90 137
90 138
90 139
90 141
90 142
90 145
90 146
90 147
90 148
90 149
91 92
91 93
91 94
91 95
91 96
91 97
91 99
91 100
91 101
91 102
91 103
91 104
91 106
91 107
91 108
91 110
91 111
91 112
91 113
91 114
91 115
91 116
91 119
91 120
91 121
91 123
91 124
91 125
91 126
91 127
91 128
91 129
91 130
91 132
91 133
91 134
91 136
91 137
91 138
91 139
91 140
91 141
91 142
91 143
91 144
91 145
91 146
91 147
91 148
91 149
92 93
92 94
92 95
92 96
92 97
92 99
92 101
92 103
92 106
92 108
92 110
92 111
92 112
92 113
92 114
92 115
92 116
92 119
92 121
92 123
92 126
92 127
92 128
92 132
92 133
92 134
92 137
92 138
92 139
92 141
92 142
92 145
92 146
92 147
92 148
92 149
93 94
93 95
93 96
93 97
93 99
93 106
93 113
93 119
93 121
93 138
94 95
94 96
94 97
94 99
94 101
94 103
94 104
94 106
94 108
94 110
94 111
94 112
94 113
94 114
94 115
94 116
94 119
94 121
94 123
94 124
94 126
94 127
94 128
94 132
94 133
94 134
94 136
94 137
94 138
94 139
94 141
94 142
94 145
94 146
94 147
94 148
94 149
95 96
95 97
95 99
95 101
95 103
95 104
95 106
95 108
95 110
95 111
95 112
95 113
95 114
95 115
95 116
95 119
95 121
95 123
95 124
95 126
95 127
95 128
95 132
95 133
95 134
95 136
95 137
95 138
95 139
95 140
95 141
95 142
95 145
95 146
95 147
95 148
95 149
96 97
96 99
96 101
96 103
96 104
96 106
96 108
96 110
96 111
96 112
96 113
96 114
96 115
96 116
96 119
96 121
96 123
96 124
96 126
96 127
96 128
96 132
96 133
96 134
96 136
96 137
96 138
96 139
96 140
96 141
96 142
96 145
96 146
96 147
96 148
96 149
97 99
97 100
97 101
97 102
97 103
97 104
97 106
97 108
97 110
97 111
97 112
97 113
97 114
97 115
97 116
97 119
97 120
97 121
97 123
97 124
97 125
97 126
97 127
97 128
97 129
97 132
97 133
97 134
97 136
97 137
97 138
97 139
97 140
97 141
97 142
97 143
97 144
97 145
97 146
97 147
97 148
97 149
99 101
99 103
99 104
99 106
99 108
99 110
99 111
99 112
99 113
99 114
99 115
99 116
99 119
99 121
99 123
99 124
99 126
99 127
99 128
99 132
99 133
99 134
99 136
99 137
99 138
99 139
99 141
99 142
99 145
99 146
99 147
99 148
99 149
100 101
100 102
100 103
100 104
100 105
100 107
100 108
100 109
100 110
100 111
100 112
100 113
100 114
100 115
100 116
100 117
100 118
100 119
100 120
100 121
100 122
100 123
100 124
100 125
100 126
100 127
100 128
100 129
100 130
100 131
100 132
100 133
100 134
100 135
100 136
100 137
100 138
100 139
100 140
100 141
100 142
100 143
100 144
100 145
100 146
100 147
100 148
100 149
101 102
101 103
101 104
101 106
101 107
101 108
101 109
101 110
101 111
101 112
101 113
101 114
101 115
101 116
101 119
101 120
101 121
101 123
101 124
101 125
101 126
101 127
101 128
101 129
101 130
101 132
101 133
101 134
101 136
101 137
101 138
101 139
101 140
101 141
101 142
101 143
101 144
101 145
101 146
101 147
101 148
101 149
102 103
102 104
102 105
102 107
102 108
102 109
102 110
102 111
102 112
102 113
102 114
102 115
102 116
102 117
102 118
102 119
102 120
102 121
102 122
102 123
102 124
102 125
102 126
102 127
102 128
102 129
102 130
102 131
102 132
102 133
102 134
102 135
102 136
102 137
102 138
102 139
102 140
102 141
102 142
102 143
102 144
102 145
102 146
102 147
102 148
102 149
103 104
103 105
103 106
103 107
103 108
103 109
103 110
103 111
103 112
103 113
103 114
103 115
103 116
103 117
103 118
103 119
103 120
103 121
103 122
103 123
103 124
103 125
103 126
103 127
103 128
103 129
103 130
103 131
103 132
103 133
103 134
103 135
103 136
103 137
103 138
103 139
103 140
103 141
103 142
103 143
103 144
103 145
103 146
103 147
103 148
103 149
104 105
104 107
104 108
104 109
104 110
104 111
104 112
104 113
104 114
104 115
104 116
104 117
104 118
104 119
104 120
104 121
104 122
104 123
104 124
104 125
104 126
104 127
104 128
104 129
104 130
104 131
104 132
104 133
104 134
104 135
104 136
104 137
104 138
104 139
104 140
104 141
104 142
104 143
104 144
104 145
104 146
104 147
104 148
104 149
105 107
105 108
105 109
105 110
105 111
105 112
105 115
105 116
105 117
105 118
105 120
105 122
105 124
105 125
105 128
105 129
105 130
105 131
105 132
105 133
105 134
105 135
105 136
105 137
105 139
105 140
105 141
105 143
105 144
105 145
105 147
105 148
106 110
106 111
106 113
106 114
106 115
106 116
106 119
106 121
106 123
106 126
106 127
106 128
106 132
106 133
106 134
106 136
106 137
106 138
106 142
106 145
106 146
106 147
106 148
106 149
107 108
107 109
107 110
107 111
107 112
107 113
107 114
107 115
107 116
107 117
107 118
107 119
107 120
107 122
107 123
107 124
107 125
107 126
107 127
107 128
107 129
107 130
107 131
107 132
107 133
107 134
107 135
107 136
107 137
107 138
107 139
107 140
107 141
107 142
107 143
107 144
107 145
107 146
107 147
107 148
107 149
108 109
108 110
108 111
108 112
108 113
108 114
108 115
108 116
108 117
108 118
108 119
108 120
108 121
108 122
108 123
108 124
108 125
108 126
108 127
108 128
108 129
108 130
108 131
108 132
108 133
108 134
108 135
108 136
108 137
108 138
108 139
108 140
108 141
108 142
108 143
108 144
108 145
108 146
108 147
108 148
108 149
109 110
109 111
109 112
109 114
109 115
109 116
109 117
109 118
109 120
109 122
109 123
109 124
109 125
109 126
109 127
109 128
109 129
109 130
109 131
109 132
109 133
109 134
109 135
109 136
109 137
109 138
109 139
109 140
109 141
109 142
109 143
109 144
109 145
109 146
109 147
109 148
109 149
110 111
110 112
110 113
110 114
110 115
110 116
110 117
110 119
110 120
110 121
110 122
110 123
110 124
110 125
110 126
110 127
110 128
110 129
110 130
110 131
110 132
110 133
110 134
110 135
110 136
110 137
110 138
110 139
110 140
110 141
110 142
110 143
110 144
110 145
110 146
110 147
110 148
110 149
111 112
111 113
111 114
111 115
111 116
111 118
111 119
111 120
111 121
111 122
111 123
111 124
111 125
111 126
111 127
111 128
111 129
111 130
111 132
111 133
111 134
111 135
111 136
111 137
111 138
111 139
111 140
111 141
111 142
111 143
111 144
111 145
111 146
111 147
111 148
111 149
112 113
112 114
112 115
112 116
112 117
112 118
112 119
112 120
112 121
112 122
112 123
112 124
112 125
112 126
112 127
112 128
112 129
112 130
112 131
112 132
112 133
112 134
112 135
112 136
112 137
112 138
112 139
112 140
112 141
112 142
112 143
112 144
112 145
112 146
112 147
112 148
112 149
113 114
113 115
113 116
113 119
113 120
113 121
113 123
113 124
113 125
113 126
113 127
113 128
113 129
113 130
113 132
113 133
113 134
113 136
113 137
113 138
113 139
113 140
113 141
113 142
113 143
113 144
113 145
113 146
113 147
113 148
113 149
114 115
114 116
114 119
114 120
114 121
114 123
114 124
114 125
114 126
114 127
114 128
114 129
114 130
114 132
114 133
114 134
114 136
114 137
114 138
114 139
114 140
114 141
114 142
114 143
114 144
114 145
114 146
114 147
114 148
114 149
115 116
115 117
115 119
115 120
115 121
115 122
115 123
115 124
115 125
115 126
115 127
115 128
115 129
115 130
115 131
115 132
115 133
115 134
115 135
115 136
115 137
115 138
115 139
115 140
115 141
115 142
115 143
115 144
115 145
115 146
115 147
115 148
115 149
116 117
116 118
116 119
116 120
116 121
116 122
116 123
116 124
116 125
116 126
116 127
116 128
116 129
116 130
116 131
116 132
116 133
116 134
116 135
116 136
116 137
116 138
116 139
116 140
116 141
116 142
116 143
116 144
116 145
116 146
116 147
116 148
116 149
117 118
117 120
117 122
117 124
117 125
117 128
117 129
117 130
117 131
117 132
117 135
117 136
117 137
117 139
117 140
117 141
117 143
117 144
117 145
117 147
117 148
118 120
118 122
118 124
118 125
118 128
118 129
118 130
118 131
118 132
118 135
118 136
118 137
118 139
118 140
118 141
118 143
118 144
118 145
119 120
119 121
119 123
119 124
119 125
119 126
119 127
119 128
119 129
119 130
119 132
119 133
119 134
119 136
119 137
119 138
119 139
119 140
119 141
119 142
119 143
119 144
119 145
119 146
119 147
119 148
119 149
120 121
120 122
120 123
120 124
120 125
120 126
120 127
120 128
120 129
120 130
120 131
120 132
120 133
120 134
120 135
120 136
120 137
120 138
120 139
120 140
120 141
120 142
120 143
120 144
120 145
120 146
120 147
120 148
120 149
121 123
121 124
121 125
121 126
121 127
121 128
121 129
121 132
121 133
121 134
121 136
121 137
121 138
121 139
121 140
121 141
121 142
121 143
121 144
121 145
121 146
121 147
121 148
121 149
122 124
122 125
122 128
122 129
122 130
122 131
122 132
122 134
122 135
122 136
122 137
122 139
122 140
122 141
122 143
122 144
122 145
122 147
122 148
123 124
123 125
123 126
123 127
123 128
123 129
123 130
123 132
123 133
123 134
123 135
123 136
123 137
123 138
123 139
123 140
123 141
123 142
123 143
123 144
123 145
123 146
123 147
123 148
123 149
124 125
124 126
124 127
124 128
124 129
124 130
124 131
124 132
124 133
124 134
124 135
124 136
124 137
124 138
124 139
124 140
124 141
124 142
124 143
124 144
124 145
124 146
124 147
124 148
124 149
125 126
125 127
125 128
125 129
125 130
125 131
125 132
125 133
125 134
125 135
125 136
125 137
125 138
125 139
125 140
125 141
125 142
125 143
125 144
125 145
125 146
125 147
125 148
125 149
126 127
126 128
126 129
126 130
126 132
126 133
126 134
126 135
126 136
126 137
126 138
126 139
126 140
126 141
126 142
126 143
126 144
126 145
126 146
126 147
126 148
126 149
127 128
127 129
127 130
127 132
127 133
127 134
127 135
127 136
127 137
127 138
127 139
127 140
127 141
127 142
127 143
127 144
127 145
127 146
127 147
127 148
127 149
128 129
128 130
128 131
128 132
128 133
128 134
128 135
128 136
128 137
128 138
128 139
128 140
128 141
128 142
128 143
128 144
128 145
128 146
128 147
128 148
128 149
129 130
129 131
129 132
129 133
129 134
129 135
129 136
129 137
129 138
129 139
129 140
129 141
129 142
129 143
129 144
129 145
129 146
129 147
129 148
129 149
130 131
130 132
130 133
130 134
130 135
130 136
130 137
130 138
130 139
130 140
130 141
130 142
130 143
130 144
130 145
130 146
130 147
130 148
130 149
131 132
131 135
131 136
131 137
131 139
131 140
131 141
131 143
131 144
131 145
131 147
131 148
132 133
132 134
132 135
132 136
132 137
132 138
132 139
132 140
132 141
132 142
132 143
132 144
132 145
132 146
132 147
132 148
132 149
133 134
133 135
133 136
133 137
133 138
133 139
133 140
133 141
133 142
133 143
133 144
133 145
133 146
133 147
133 148
133 149
134 135
134 136
134 137
134 138
134 139
134 140
134 141
134 142
134 143
134 144
134 145
134 146
134 147
134 148
134 149
135 136
135 137
135 139
135 140
135 141
135 143
135 144
135 145
135 146
135 147
135 148
135 149
136 137
136 138
136 139
136 140
136 141
136 142
136 143
136 144
136 145
136 146
136 147
136 148
136 149
137 138
137 139
137 140
137 141
137 142
137 143
137 144
137 145
137 146
137 147
137 148
137 149
138 139
138 140
138 141
138 142
138 143
138 144
138 145
138 146
138 147
138 148
138 149
139 140
139 141
139 142
139 143
139 144
139 145
139 146
139 147
139 148
139 149
140 141
140 142
140 143
140 144
140 145
140 146
140 147
140 148
140 149
141 142
141 143
141 144
141 145
141 146
141 147
141 148
141 149
142 143
142 144
142 145
142 146
142 147
142 148
142 149
143 144
143 145
143 146
143 147
143 148
143 149
144 145
144 146
144 147
144 148
144 149
145 146
145 147
145 148
145 149
146 147
146 148
146 149
147 148
147 149
148 149
